neighbors       randomUniform   one              1000  1000000 0.010000    5    5  0.00    5  25545    1777.79 1000.000   1.778    690.880   1001.150     563.86   238.17
neighbors       randomUniform   one              1000  1000000 0.010000    5    5  0.00   10  25645    1761.17 1000.000   1.761    690.850   1004.715     568.99   227.67
neighbors       randomUniform   one              1000  1000000 0.010000    5    5  0.10    5  25745    1753.70 1000.000   1.754    697.190    990.790     571.71   239.65
neighbors       randomUniform   one              1000  1000000 0.010000    5    5  0.10   10  25845    1780.61 1000.000   1.781    692.320    996.638     563.43   231.49
neighbors       randomUniform   one              1000  1000000 0.010000    5    5  0.25    5  25945    1773.68 1000.000   1.774    694.090   1000.098     565.60   234.31
neighbors       randomUniform   one              1000  1000000 0.010000    5    5  0.25   10  26045    1799.52 1000.000   1.800    694.090    998.863     557.99   232.81
neighbors       randomUniform   one              1000  1000000 0.010000    5   10  0.00    5  26145    1753.74 1000.000   1.754    693.400    999.208     571.43   243.40
neighbors       randomUniform   one              1000  1000000 0.010000    5   10  0.00   10  26245    1752.77 1000.000   1.753    691.590    998.416     571.90   257.66
neighbors       randomUniform   one              1000  1000000 0.010000    5   10  0.10    5  26345    1751.03 1000.000   1.751    698.160    997.229     572.44   232.70
neighbors       randomUniform   one              1000  1000000 0.010000    5   10  0.10   10  26445    1764.69 1000.000   1.765    693.720    997.091     568.12   249.53
neighbors       randomUniform   one              1000  1000000 0.010000    5   10  0.25    5  26545    1790.73 1000.000   1.791    693.870    996.619     560.10   230.22
neighbors       randomUniform   one              1000  1000000 0.010000    5   10  0.25   10  26645    1792.37 1000.000   1.792    694.660    994.429     559.44   248.66
neighbors       randomUniform   perStrength      1000  1000000 0.000000    5    5  0.00    5  26745    2432.85  332.993   7.306    691.410   1001.980     417.50  6410.43
neighbors       randomUniform   perStrength      1000  1000000 0.000000    5    5  0.00   10  26845    2103.82  332.904   6.320    687.200   1005.187     480.00  6085.11
neighbors       randomUniform   perStrength      1000  1000000 0.000000    5    5  0.10    5  26945    2528.44  334.168   7.566    693.010    994.886     402.56  6369.84
neighbors       randomUniform   perStrength      1000  1000000 0.000000    5    5  0.10   10  27045    2176.51  332.935   6.537    692.450    996.999     467.43  6064.92
neighbors       randomUniform   perStrength      1000  1000000 0.000000    5    5  0.25    5  27145    2484.58  333.644   7.447    692.160    997.888     408.12  6557.95
neighbors       randomUniform   perStrength      1000  1000000 0.000000    5    5  0.25   10  27245    2188.31  333.472   6.562    692.590   1001.727     463.69  6101.47
neighbors       randomUniform   perStrength      1000  1000000 0.000000    5   10  0.00    5  27345    1901.05  182.128  10.438    692.700    999.939     538.83  6776.80
neighbors       randomUniform   perStrength      1000  1000000 0.000000    5   10  0.00   10  27445    1586.22  181.940   8.718    693.540    998.111     641.74  6163.21
neighbors       randomUniform   perStrength      1000  1000000 0.000000    5   10  0.10    5  27545    1890.52  181.589  10.411    691.840    998.724     541.97  6957.48
neighbors       randomUniform   perStrength      1000  1000000 0.000000    5   10  0.10   10  27645    1590.72  182.082   8.736    695.290    995.810     641.31  6523.00
neighbors       randomUniform   perStrength      1000  1000000 0.000000    5   10  0.25    5  27745    1958.77  181.881  10.770    695.300    997.797     519.33  7166.73
neighbors       randomUniform   perStrength      1000  1000000 0.000000    5   10  0.25   10  27845    1620.45  181.363   8.935    696.100    994.310     626.13  6722.57
neighbors       randomUniform   perStrength      1000  1000000 0.000100    5    5  0.00    5  27945    2249.62  333.281   6.750    693.370    999.945     452.96  5720.05
neighbors       randomUniform   perStrength      1000  1000000 0.000100    5    5  0.00   10  28045    2000.37  333.218   6.003    692.340    997.317     505.86  5516.41
neighbors       randomUniform   perStrength      1000  1000000 0.000100    5    5  0.10    5  28145    2261.96  333.963   6.773    693.230    995.219     449.56  5674.39
neighbors       randomUniform   perStrength      1000  1000000 0.000100    5    5  0.10   10  28245    2023.10  332.725   6.080    689.950   1000.673     501.93  5685.79
neighbors       randomUniform   perStrength      1000  1000000 0.000100    5    5  0.25    5  28345    2318.63  333.287   6.957    691.420    999.229     439.59  5902.79
neighbors       randomUniform   perStrength      1000  1000000 0.000100    5    5  0.25   10  28445    2042.84  333.311   6.129    693.820   1000.094     495.53  5716.28
neighbors       randomUniform   perStrength      1000  1000000 0.000100    5   10  0.00    5  28545    1691.82  181.725   9.310    692.910    995.026     607.44  5866.05
neighbors       randomUniform   perStrength      1000  1000000 0.000100    5   10  0.00   10  28645    1511.15  182.308   8.289    690.140   1000.581     673.48  5952.41
neighbors       randomUniform   perStrength      1000  1000000 0.000100    5   10  0.10    5  28745    1810.40  181.732   9.962    691.380   1001.948     565.89  6133.62
neighbors       randomUniform   perStrength      1000  1000000 0.000100    5   10  0.10   10  28845    1487.77  182.107   8.170    693.790    999.707     682.55  6180.25
neighbors       randomUniform   perStrength      1000  1000000 0.000100    5   10  0.25    5  28945    1732.32  181.447   9.547    693.190    994.808     592.07  6257.65
neighbors       randomUniform   perStrength      1000  1000000 0.000100    5   10  0.25   10  29045    1552.77  182.037   8.530    696.470    995.611     659.45  6092.97
neighbors       randomUniform   perStrength      1000  1000000 0.001000    5    5  0.00    5  29145    1519.48  332.886   4.565    694.550    998.870     667.80  3770.56
neighbors       randomUniform   perStrength      1000  1000000 0.001000    5    5  0.00   10  29245    1481.62  333.956   4.437    693.170    996.156     684.03  3723.34
neighbors       randomUniform   perStrength      1000  1000000 0.001000    5    5  0.10    5  29345    1520.49  333.771   4.555    694.470    994.366     665.77  3688.38
neighbors       randomUniform   perStrength      1000  1000000 0.001000    5    5  0.10   10  29445    1422.66  334.057   4.259    694.900    995.272     710.27  3759.51
neighbors       randomUniform   perStrength      1000  1000000 0.001000    5    5  0.25    5  29545    1537.26  333.154   4.614    691.620   1000.186     657.58  3652.37
neighbors       randomUniform   perStrength      1000  1000000 0.001000    5    5  0.25   10  29645    1453.30  333.048   4.364    696.250    995.100     696.39  3711.72
neighbors       randomUniform   perStrength      1000  1000000 0.001000    5   10  0.00    5  29745    1137.54  181.914   6.253    695.330    996.101     895.60  4191.33
neighbors       randomUniform   perStrength      1000  1000000 0.001000    5   10  0.00   10  29845    1108.22  182.075   6.087    694.140    995.772     921.21  4267.20
neighbors       randomUniform   perStrength      1000  1000000 0.001000    5   10  0.10    5  29945    1157.32  181.904   6.362    690.280   1000.387     881.97  4331.22
neighbors       randomUniform   perStrength      1000  1000000 0.001000    5   10  0.10   10  30045    1130.79  181.475   6.231    692.790    999.809     906.41  4327.24
neighbors       randomUniform   perStrength      1000  1000000 0.001000    5   10  0.25    5  30145    1219.00  182.043   6.696    692.060   1003.876     838.95  4360.98
neighbors       randomUniform   perStrength      1000  1000000 0.001000    5   10  0.25   10  30245    1135.07  181.622   6.250    687.160   1003.481     897.69  4412.83
neighbors       randomUniform   perStrength      1000  1000000 0.010000    5    5  0.00    5  30345     827.50  333.166   2.484    695.900    997.070    1214.41   980.66
neighbors       randomUniform   perStrength      1000  1000000 0.010000    5    5  0.00   10  30445     830.29  333.300   2.491    689.700    999.730    1210.95   972.00
neighbors       randomUniform   perStrength      1000  1000000 0.010000    5    5  0.10    5  30545     818.63  334.257   2.449    697.040    994.739    1227.87   945.34
neighbors       randomUniform   perStrength      1000  1000000 0.010000    5    5  0.10   10  30645     818.92  333.334   2.457    689.790    999.149    1228.99   958.62
neighbors       randomUniform   perStrength      1000  1000000 0.010000    5    5  0.25    5  30745     833.50  333.291   2.501    691.550   1001.628    1206.27   884.59
neighbors       randomUniform   perStrength      1000  1000000 0.010000    5    5  0.25   10  30845     820.59  334.346   2.454    692.900    996.101    1226.80   912.56
neighbors       randomUniform   perStrength      1000  1000000 0.010000    5   10  0.00    5  30945     552.04  181.528   3.041    689.690    997.777    1825.50  1671.01
neighbors       randomUniform   perStrength      1000  1000000 0.010000    5   10  0.00   10  31045     556.46  182.010   3.057    696.460    999.206    1808.49  1666.07
neighbors       randomUniform   perStrength      1000  1000000 0.010000    5   10  0.10    5  31145     570.67  181.797   3.139    694.600    998.316    1771.45  1624.34
neighbors       randomUniform   perStrength      1000  1000000 0.010000    5   10  0.10   10  31245     558.39  182.477   3.060    691.760    998.774    1803.03  1643.55
neighbors       randomUniform   perStrength      1000  1000000 0.010000    5   10  0.25    5  31345     570.44  181.898   3.136    694.410   1000.774    1773.63  1597.56
