neighbors       equal           one               100    10000 0.000000    5    5  0.00    5  12345     300.58  100.000   3.006     68.020     98.364      33.86   286.40
neighbors       equal           one               100    10000 0.000000    5    5  0.00   10  12445     267.30  100.000   2.673     69.410     98.376      37.86   252.86
neighbors       equal           one               100    10000 0.000000    5    5  0.10    5  12545     291.64  100.000   2.916     68.470     98.818      34.98   282.14
neighbors       equal           one               100    10000 0.000000    5    5  0.10   10  12645     273.55  100.000   2.736     68.330    100.400      37.02   258.72
neighbors       equal           one               100    10000 0.000000    5    5  0.25    5  12745     297.25  100.000   2.973     67.640    100.053      34.20   286.83
neighbors       equal           one               100    10000 0.000000    5    5  0.25   10  12845     267.68  100.000   2.677     69.680     97.856      37.89   257.71
neighbors       equal           one               100    10000 0.000000    5   10  0.00    5  12945     297.49  100.000   2.975     70.090     97.761      34.11   284.88
neighbors       equal           one               100    10000 0.000000    5   10  0.00   10  13045     272.57  100.000   2.726     68.610     99.181      37.07   256.40
neighbors       equal           one               100    10000 0.000000    5   10  0.10    5  13145     291.51  100.000   2.915     69.560     98.638      34.94   281.14
neighbors       equal           one               100    10000 0.000000    5   10  0.10   10  13245     265.66  100.000   2.657     68.990     99.192      38.18   256.09
neighbors       equal           one               100    10000 0.000000    5   10  0.25    5  13345     295.22  100.000   2.952     68.590     98.407      34.48   285.70
neighbors       equal           one               100    10000 0.000000    5   10  0.25   10  13445     262.56  100.000   2.626     67.850     98.524      38.47   255.82
neighbors       equal           one               100    10000 0.000100    5    5  0.00    5  13545     301.76  100.000   3.018     68.450     98.899      33.81   287.03
neighbors       equal           one               100    10000 0.000100    5    5  0.00   10  13645     265.59  100.000   2.656     68.710     97.406      38.10   249.66
neighbors       equal           one               100    10000 0.000100    5    5  0.10    5  13745     297.85  100.000   2.979     69.070     98.871      34.19   286.18
neighbors       equal           one               100    10000 0.000100    5    5  0.10   10  13845     263.73  100.000   2.637     67.080    100.576      38.39   251.55
neighbors       equal           one               100    10000 0.000100    5    5  0.25    5  13945     299.63  100.000   2.996     67.520    100.060      33.83   287.42
neighbors       equal           one               100    10000 0.000100    5    5  0.25   10  14045     264.51  100.000   2.645     68.510     99.009      38.35   254.82
neighbors       equal           one               100    10000 0.000100    5   10  0.00    5  14145     290.98  100.000   2.910     70.360     97.464      34.98   277.27
neighbors       equal           one               100    10000 0.000100    5   10  0.00   10  14245     272.25  100.000   2.723     68.300     99.821      37.21   256.18
neighbors       equal           one               100    10000 0.000100    5   10  0.10    5  14345     294.72  100.000   2.947     69.040     99.203      34.59   281.72
neighbors       equal           one               100    10000 0.000100    5   10  0.10   10  14445     264.33  100.000   2.643     69.000     99.251      38.28   252.66
neighbors       equal           one               100    10000 0.000100    5   10  0.25    5  14545     288.53  100.000   2.885     69.120     98.810      35.30   277.86
neighbors       equal           one               100    10000 0.000100    5   10  0.25   10  14645     268.33  100.000   2.683     68.690     99.812      37.67   260.40
neighbors       equal           one               100    10000 0.001000    5    5  0.00    5  14745     286.30  100.000   2.863     69.010     99.135      35.46   264.76
neighbors       equal           one               100    10000 0.001000    5    5  0.00   10  14845     258.64  100.000   2.586     68.270     99.273      39.07   236.18
neighbors       equal           one               100    10000 0.001000    5    5  0.10    5  14945     281.29  100.000   2.813     68.140     99.532      36.10   263.42
neighbors       equal           one               100    10000 0.001000    5    5  0.10   10  15045     256.33  100.000   2.563     68.230     98.642      39.55   240.31
neighbors       equal           one               100    10000 0.001000    5    5  0.25    5  15145     283.46  100.000   2.835     68.510     99.139      35.89   264.87
neighbors       equal           one               100    10000 0.001000    5    5  0.25   10  15245     260.88  100.000   2.609     68.350     98.901      38.79   247.65
neighbors       equal           one               100    10000 0.001000    5   10  0.00    5  15345     288.74  100.000   2.887     68.430     99.396      35.05   268.92
neighbors       equal           one               100    10000 0.001000    5   10  0.00   10  15445     264.35  100.000   2.644     69.270     98.755      38.23   242.23
neighbors       equal           one               100    10000 0.001000    5   10  0.10    5  15545     279.95  100.000   2.800     69.090     98.749      36.16   262.72
neighbors       equal           one               100    10000 0.001000    5   10  0.10   10  15645     257.83  100.000   2.578     68.890     99.583      39.33   241.72
neighbors       equal           one               100    10000 0.001000    5   10  0.25    5  15745     282.61  100.000   2.826     67.280     99.619      35.93   265.26
neighbors       equal           one               100    10000 0.001000    5   10  0.25   10  15845     261.88  100.000   2.619     67.900     99.470      38.67   247.27
neighbors       equal           one               100    10000 0.010000    5    5  0.00    5  15945     237.30  100.000   2.373     68.240    100.178      42.57   167.87
neighbors       equal           one               100    10000 0.010000    5    5  0.00   10  16045     231.46  100.000   2.315     68.480     98.972      43.72   172.12
neighbors       equal           one               100    10000 0.010000    5    5  0.10    5  16145     232.71  100.000   2.327     69.770     98.285      43.38   176.38
neighbors       equal           one               100    10000 0.010000    5    5  0.10   10  16245     221.84  100.000   2.218     67.550    100.946      45.66   177.10
neighbors       equal           one               100    10000 0.010000    5    5  0.25    5  16345     230.43  100.000   2.304     69.210     98.845      43.85   172.80
neighbors       equal           one               100    10000 0.010000    5    5  0.25   10  16445     232.15  100.000   2.321     68.180    100.192      43.61   174.55
neighbors       equal           one               100    10000 0.010000    5   10  0.00    5  16545     236.31  100.000   2.363     68.480    100.018      42.85   171.23
neighbors       equal           one               100    10000 0.010000    5   10  0.00   10  16645     226.76  100.000   2.268     68.790     97.248      44.54   169.69
neighbors       equal           one               100    10000 0.010000    5   10  0.10    5  16745     232.63  100.000   2.326     69.570     98.365      43.51   166.78
neighbors       equal           one               100    10000 0.010000    5   10  0.10   10  16845     225.60  100.000   2.256     68.580     97.665      44.77   174.09
neighbors       equal           one               100    10000 0.010000    5   10  0.25    5  16945     239.25  100.000   2.393     69.590     96.998      42.29   180.19
neighbors       equal           one               100    10000 0.010000    5   10  0.25   10  17045     231.85  100.000   2.318     67.850     99.787      43.58   181.96
neighbors       equal           perStrength       100    10000 0.000000    5    5  0.00    5  17145      71.34   20.000   3.567     68.720     99.139     143.21   332.48
neighbors       equal           perStrength       100    10000 0.000000    5    5  0.00   10  17245      67.14   20.000   3.357     68.860     99.099     152.23   311.41
neighbors       equal           perStrength       100    10000 0.000000    5    5  0.10    5  17345      68.75   20.000   3.438     69.510     97.889     150.11   321.45
neighbors       equal           perStrength       100    10000 0.000000    5    5  0.10   10  17445      65.27   20.000   3.263     68.530     99.078     156.30   304.44
neighbors       equal           perStrength       100    10000 0.000000    5    5  0.25    5  17545      70.18   20.000   3.509     69.430     98.412     147.64   333.51
neighbors       equal           perStrength       100    10000 0.000000    5    5  0.25   10  17645      64.90   20.000   3.245     69.140     98.228     157.13   307.33
neighbors       equal           perStrength       100    10000 0.000000    5   10  0.00    5  17745      38.34   10.000   3.834     68.340     99.478     269.50   349.48
neighbors       equal           perStrength       100    10000 0.000000    5   10  0.00   10  17845      36.81   10.000   3.681     67.780     99.622     279.06   336.52
neighbors       equal           perStrength       100    10000 0.000000    5   10  0.10    5  17945      37.01   10.000   3.701     69.650     98.429     276.46   345.88
neighbors       equal           perStrength       100    10000 0.000000    5   10  0.10   10  18045      36.75   10.000   3.675     68.850     98.992     279.80   341.93
neighbors       equal           perStrength       100    10000 0.000000    5   10  0.25    5  18145      38.68   10.000   3.868     68.100     99.380     270.36   361.56
neighbors       equal           perStrength       100    10000 0.000000    5   10  0.25   10  18245      35.03   10.000   3.503     70.870     96.437     292.32   328.50
neighbors       equal           perStrength       100    10000 0.000100    5    5  0.00    5  18345      70.87   20.000   3.544     67.450     98.957     145.34   328.47
neighbors       equal           perStrength       100    10000 0.000100    5    5  0.00   10  18445      67.67   20.000   3.384     68.370     99.258     150.69   306.33
neighbors       equal           perStrength       100    10000 0.000100    5    5  0.10    5  18545      69.65   20.000   3.483     68.640     98.525     146.86   329.02
neighbors       equal           perStrength       100    10000 0.000100    5    5  0.10   10  18645      65.20   20.000   3.260     69.060     99.883     157.22   304.24
neighbors       equal           perStrength       100    10000 0.000100    5    5  0.25    5  18745      69.50   20.000   3.475     67.770     99.766     147.81   335.00
neighbors       equal           perStrength       100    10000 0.000100    5    5  0.25   10  18845      64.11   20.000   3.205     69.110     97.600     159.43   300.85
neighbors       equal           perStrength       100    10000 0.000100    5   10  0.00    5  18945      39.01   10.000   3.901     68.830     98.058     265.05   356.65
neighbors       equal           perStrength       100    10000 0.000100    5   10  0.00   10  19045      37.70   10.000   3.770     68.440    100.038     271.85   343.82
neighbors       equal           perStrength       100    10000 0.000100    5   10  0.10    5  19145      37.76   10.000   3.776     68.080     99.626     270.86   355.09
neighbors       equal           perStrength       100    10000 0.000100    5   10  0.10   10  19245      35.13   10.000   3.513     69.560     98.349     291.53   323.12
neighbors       equal           perStrength       100    10000 0.000100    5   10  0.25    5  19345      37.15   10.000   3.715     68.890     98.207     276.12   352.09
neighbors       equal           perStrength       100    10000 0.000100    5   10  0.25   10  19445      33.97   10.000   3.397     68.850     98.175     300.03   321.43
neighbors       equal           perStrength       100    10000 0.001000    5    5  0.00    5  19545      71.31   20.000   3.566     68.580    100.005     143.09   325.75
neighbors       equal           perStrength       100    10000 0.001000    5    5  0.00   10  19645      65.30   20.000   3.265     68.540     98.957     156.87   294.83
neighbors       equal           perStrength       100    10000 0.001000    5    5  0.10    5  19745      67.60   20.000   3.380     67.180     99.151     150.49   316.34
neighbors       equal           perStrength       100    10000 0.001000    5    5  0.10   10  19845      63.80   20.000   3.190     68.310     98.798     159.55   299.85
neighbors       equal           perStrength       100    10000 0.001000    5    5  0.25    5  19945      68.65   20.000   3.433     68.930     98.588     149.85   325.18
neighbors       equal           perStrength       100    10000 0.001000    5    5  0.25   10  20045      63.78   20.000   3.189     69.560     98.817     160.14   298.22
neighbors       equal           perStrength       100    10000 0.001000    5   10  0.00    5  20145      37.58   10.000   3.758     67.500     99.488     274.41   345.77
neighbors       equal           perStrength       100    10000 0.001000    5   10  0.00   10  20245      36.95   10.000   3.695     67.700    100.677     276.95   340.25
neighbors       equal           perStrength       100    10000 0.001000    5   10  0.10    5  20345      37.10   10.000   3.710     68.220     99.447     277.18   345.53
neighbors       equal           perStrength       100    10000 0.001000    5   10  0.10   10  20445      36.99   10.000   3.699     67.900     98.896     277.32   336.47
neighbors       equal           perStrength       100    10000 0.001000    5   10  0.25    5  20545      37.03   10.000   3.703     67.430     99.277     277.06   345.72
neighbors       equal           perStrength       100    10000 0.001000    5   10  0.25   10  20645      34.69   10.000   3.469     70.450     97.246     294.71   324.04
neighbors       equal           perStrength       100    10000 0.010000    5    5  0.00    5  20745      66.75   20.000   3.337     68.270     98.868     153.44   275.19
neighbors       equal           perStrength       100    10000 0.010000    5    5  0.00   10  20845      61.50   20.000   3.075     67.810     98.388     165.17   263.41
neighbors       equal           perStrength       100    10000 0.010000    5    5  0.10    5  20945      62.91   20.000   3.145     69.900     98.193     162.33   269.21
neighbors       equal           perStrength       100    10000 0.010000    5    5  0.10   10  21045      61.28   20.000   3.064     69.250     98.498     166.62   264.65
neighbors       equal           perStrength       100    10000 0.010000    5    5  0.25    5  21145      62.33   20.000   3.116     68.380     99.098     163.08   267.55
neighbors       equal           perStrength       100    10000 0.010000    5    5  0.25   10  21245      59.46   20.000   2.973     68.650     98.932     171.01   259.30
neighbors       equal           perStrength       100    10000 0.010000    5   10  0.00    5  21345      36.15   10.000   3.615     66.900     99.938     282.18   318.18
neighbors       equal           perStrength       100    10000 0.010000    5   10  0.00   10  21445      35.15   10.000   3.515     68.910     99.001     292.24   288.94
neighbors       equal           perStrength       100    10000 0.010000    5   10  0.10    5  21545      36.04   10.000   3.604     68.940     99.641     284.65   315.64
neighbors       equal           perStrength       100    10000 0.010000    5   10  0.10   10  21645      33.34   10.000   3.334     68.950     96.743     304.70   290.96
neighbors       equal           perStrength       100    10000 0.010000    5   10  0.25    5  21745      34.06   10.000   3.406     69.300     98.070     300.22   309.67
neighbors       equal           perStrength       100    10000 0.010000    5   10  0.25   10  21845      33.38   10.000   3.338     69.950     99.071     304.91   297.30
neighbors       randomUniform   one               100    10000 0.000000    5    5  0.00    5  21945     302.95  100.000   3.030     69.050     99.959      33.56   287.03
neighbors       randomUniform   one               100    10000 0.000000    5    5  0.00   10  22045     272.81  100.000   2.728     68.480    100.058      37.08   256.66
neighbors       randomUniform   one               100    10000 0.000000    5    5  0.10    5  22145     302.54  100.000   3.025     68.080     99.838      33.79   289.77
neighbors       randomUniform   one               100    10000 0.000000    5    5  0.10   10  22245     267.69  100.000   2.677     68.200     98.040      37.84   254.60
neighbors       randomUniform   one               100    10000 0.000000    5    5  0.25    5  22345     302.53  100.000   3.025     68.160    100.731      33.74   290.09
neighbors       randomUniform   one               100    10000 0.000000    5    5  0.25   10  22445     267.46  100.000   2.675     68.680     98.908      37.84   255.98
neighbors       randomUniform   one               100    10000 0.000000    5   10  0.00    5  22545     296.91  100.000   2.969     68.960     99.033      34.25   284.46
neighbors       randomUniform   one               100    10000 0.000000    5   10  0.00   10  22645     270.81  100.000   2.708     69.620     97.998      37.34   256.97
neighbors       randomUniform   one               100    10000 0.000000    5   10  0.10    5  22745     300.00  100.000   3.000     68.620     99.951      34.02   286.61
neighbors       randomUniform   one               100    10000 0.000000    5   10  0.10   10  22845     266.13  100.000   2.661     67.490     99.905      38.13   256.09
neighbors       randomUniform   one               100    10000 0.000000    5   10  0.25    5  22945     287.69  100.000   2.877     69.170     97.566      35.29   278.04
neighbors       randomUniform   one               100    10000 0.000000    5   10  0.25   10  23045     272.89  100.000   2.729     68.680     99.826      37.13   263.68
neighbors       randomUniform   one               100    10000 0.000100    5    5  0.00    5  23145     300.63  100.000   3.006     68.210     98.214      33.94   284.30
neighbors       randomUniform   one               100    10000 0.000100    5    5  0.00   10  23245     265.41  100.000   2.654     66.850     99.667      38.04   250.16
neighbors       randomUniform   one               100    10000 0.000100    5    5  0.10    5  23345     297.95  100.000   2.979     68.800     99.835      34.21   285.80
neighbors       randomUniform   one               100    10000 0.000100    5    5  0.10   10  23445     266.95  100.000   2.669     68.110    100.260      37.95   253.10
neighbors       randomUniform   one               100    10000 0.000100    5    5  0.25    5  23545     298.01  100.000   2.980     69.070     98.999      34.27   284.47
neighbors       randomUniform   one               100    10000 0.000100    5    5  0.25   10  23645     266.76  100.000   2.668     69.140     98.766      38.07   253.31
neighbors       randomUniform   one               100    10000 0.000100    5   10  0.00    5  23745     305.66  100.000   3.057     67.940    100.650      33.32   291.51
neighbors       randomUniform   one               100    10000 0.000100    5   10  0.00   10  23845     266.46  100.000   2.665     70.060     98.520      37.96   250.64
neighbors       randomUniform   one               100    10000 0.000100    5   10  0.10    5  23945     298.33  100.000   2.983     67.790     99.572      34.11   287.04
neighbors       randomUniform   one               100    10000 0.000100    5   10  0.10   10  24045     271.74  100.000   2.717     68.370    100.211      37.40   257.58
neighbors       randomUniform   one               100    10000 0.000100    5   10  0.25    5  24145     295.52  100.000   2.955     68.730     98.352      34.55   281.46
neighbors       randomUniform   one               100    10000 0.000100    5   10  0.25   10  24245     271.28  100.000   2.713     68.320     99.373      37.50   259.48
neighbors       randomUniform   one               100    10000 0.001000    5    5  0.00    5  24345     285.38  100.000   2.854     68.150     98.755      35.68   262.55
neighbors       randomUniform   one               100    10000 0.001000    5    5  0.00   10  24445     261.88  100.000   2.619     68.750     98.638      38.67   240.34
neighbors       randomUniform   one               100    10000 0.001000    5    5  0.10    5  24545     281.37  100.000   2.814     68.510     99.191      36.16   261.52
neighbors       randomUniform   one               100    10000 0.001000    5    5  0.10   10  24645     258.58  100.000   2.586     69.690     97.251      39.26   240.62
neighbors       randomUniform   one               100    10000 0.001000    5    5  0.25    5  24745     286.74  100.000   2.867     69.420     97.613      35.42   269.74
neighbors       randomUniform   one               100    10000 0.001000    5    5  0.25   10  24845     267.12  100.000   2.671     66.700    101.214      37.83   254.12
neighbors       randomUniform   one               100    10000 0.001000    5   10  0.00    5  24945     288.56  100.000   2.886     68.520     99.066      35.42   263.76
neighbors       randomUniform   one               100    10000 0.001000    5   10  0.00   10  25045     260.73  100.000   2.607     68.210     99.952      38.81   240.71
neighbors       randomUniform   one               100    10000 0.001000    5   10  0.10    5  25145     281.26  100.000   2.813     68.520     99.156      36.22   262.76
neighbors       randomUniform   one               100    10000 0.001000    5   10  0.10   10  25245     259.77  100.000   2.598     68.360     98.443      38.91   243.98
neighbors       randomUniform   one               100    10000 0.001000    5   10  0.25    5  25345     285.01  100.000   2.850     68.820     99.226      35.70   270.54
neighbors       randomUniform   one               100    10000 0.001000    5   10  0.25   10  25445     269.86  100.000   2.699     67.700    101.140      37.60   252.82
neighbors       randomUniform   one               100    10000 0.010000    5    5  0.00    5  25545     235.24  100.000   2.352     68.700     98.414      42.89   167.98
neighbors       randomUniform   one               100    10000 0.010000    5    5  0.00   10  25645     227.63  100.000   2.276     68.160     99.976      44.28   172.14
neighbors       randomUniform   one               100    10000 0.010000    5    5  0.10    5  25745     232.35  100.000   2.324     68.960     99.240      43.46   172.84
neighbors       randomUniform   one               100    10000 0.010000    5    5  0.10   10  25845     227.39  100.000   2.274     68.700     98.152      44.47   172.45
neighbors       randomUniform   one               100    10000 0.010000    5    5  0.25    5  25945     232.41  100.000   2.324     68.150    100.359      43.46   173.23
neighbors       randomUniform   one               100    10000 0.010000    5    5  0.25   10  26045     234.61  100.000   2.346     69.020     99.290      43.13   174.48
neighbors       randomUniform   one               100    10000 0.010000    5   10  0.00    5  26145     238.27  100.000   2.383     68.230     98.880      42.40   168.60
neighbors       randomUniform   one               100    10000 0.010000    5   10  0.00   10  26245     232.47  100.000   2.325     68.820     99.039      43.49   167.66
neighbors       randomUniform   one               100    10000 0.010000    5   10  0.10    5  26345     232.89  100.000   2.329     69.070     98.785      43.40   170.25
neighbors       randomUniform   one               100    10000 0.010000    5   10  0.10   10  26445     226.89  100.000   2.269     68.220     99.849      44.51   174.78
neighbors       randomUniform   one               100    10000 0.010000    5   10  0.25    5  26545     237.51  100.000   2.375     69.330     98.825      42.64   178.00
neighbors       randomUniform   one               100    10000 0.010000    5   10  0.25   10  26645     231.05  100.000   2.311     69.270     97.840      43.74   175.25
neighbors       randomUniform   perStrength       100    10000 0.000000    5    5  0.00    5  26745     162.50   33.211   4.893     67.940     98.973      64.37   362.04
neighbors       randomUniform   perStrength       100    10000 0.000000    5    5  0.00   10  26845     144.79   33.608   4.308     68.090    100.345      71.62   355.39
neighbors       randomUniform   perStrength       100    10000 0.000000    5    5  0.10    5  26945     167.53   33.634   4.981     69.210     99.146      62.90   361.93
neighbors       randomUniform   perStrength       100    10000 0.000000    5    5  0.10   10  27045     145.65   33.225   4.384     68.760     99.221      71.05   349.64
neighbors       randomUniform   perStrength       100    10000 0.000000    5    5  0.25    5  27145     158.10   33.262   4.753     68.370    100.935      65.69   382.17
neighbors       randomUniform   perStrength       100    10000 0.000000    5    5  0.25   10  27245     146.53   33.552   4.367     69.360     96.965      70.08   348.60
neighbors       randomUniform   perStrength       100    10000 0.000000    5   10  0.00    5  27345     117.98   18.218   6.476     68.980     99.009      92.27   378.79
neighbors       randomUniform   perStrength       100    10000 0.000000    5   10  0.00   10  27445     106.61   18.227   5.849     68.310     98.872      99.71   368.65
neighbors       randomUniform   perStrength       100    10000 0.000000    5   10  0.10    5  27545     120.98   18.109   6.681     68.840     98.518      88.93   386.74
neighbors       randomUniform   perStrength       100    10000 0.000000    5   10  0.10   10  27645     102.41   18.107   5.656     68.100    100.422     103.08   369.88
neighbors       randomUniform   perStrength       100    10000 0.000000    5   10  0.25    5  27745     120.84   18.277   6.612     69.100     96.755      89.34   386.23
neighbors       randomUniform   perStrength       100    10000 0.000000    5   10  0.25   10  27845     106.85   18.377   5.814     67.910     98.780      98.23   367.96
neighbors       randomUniform   perStrength       100    10000 0.000100    5    5  0.00    5  27945     160.17   33.466   4.786     67.690    100.657      65.53   374.29
neighbors       randomUniform   perStrength       100    10000 0.000100    5    5  0.00   10  28045     137.87   33.517   4.113     68.790     98.177      74.78   346.83
neighbors       randomUniform   perStrength       100    10000 0.000100    5    5  0.10    5  28145     157.26   33.310   4.721     67.990    100.574      65.73   377.20
neighbors       randomUniform   perStrength       100    10000 0.000100    5    5  0.10   10  28245     140.35   33.257   4.220     68.500    100.340      73.61   352.35
neighbors       randomUniform   perStrength       100    10000 0.000100    5    5  0.25    5  28345     158.20   33.306   4.750     68.550     98.718      66.55   378.12
neighbors       randomUniform   perStrength       100    10000 0.000100    5    5  0.25   10  28445     147.23   33.437   4.403     69.360     98.611      70.11   347.39
neighbors       randomUniform   perStrength       100    10000 0.000100    5   10  0.00    5  28545     116.90   18.049   6.477     68.130     98.759      92.33   384.64
neighbors       randomUniform   perStrength       100    10000 0.000100    5   10  0.00   10  28645     100.55   18.192   5.527     68.410     99.242     104.69   371.52
neighbors       randomUniform   perStrength       100    10000 0.000100    5   10  0.10    5  28745     119.31   18.276   6.528     68.200    100.679      90.00   397.91
neighbors       randomUniform   perStrength       100    10000 0.000100    5   10  0.10   10  28845     104.91   18.205   5.763     68.290     99.632     100.64   359.81
neighbors       randomUniform   perStrength       100    10000 0.000100    5   10  0.25    5  28945     123.10   18.235   6.751     68.340     99.140      87.12   395.87
neighbors       randomUniform   perStrength       100    10000 0.000100    5   10  0.25   10  29045     109.78   18.312   5.995     68.910     98.389      96.06   376.41
neighbors       randomUniform   perStrength       100    10000 0.001000    5    5  0.00    5  29145     155.46   33.392   4.656     68.370    100.540      67.12   364.02
neighbors       randomUniform   perStrength       100    10000 0.001000    5    5  0.00   10  29245     138.59   33.246   4.169     68.780     99.056      74.94   335.18
neighbors       randomUniform   perStrength       100    10000 0.001000    5    5  0.10    5  29345     151.25   33.245   4.550     69.660     97.066      68.82   347.08
neighbors       randomUniform   perStrength       100    10000 0.001000    5    5  0.10   10  29445     139.56   33.565   4.158     68.870     99.237      73.74   342.92
neighbors       randomUniform   perStrength       100    10000 0.001000    5    5  0.25    5  29545     150.79   33.527   4.498     68.720     98.898      69.22   364.83
neighbors       randomUniform   perStrength       100    10000 0.001000    5    5  0.25   10  29645     140.53   33.188   4.234     68.480     99.234      73.58   347.76
neighbors       randomUniform   perStrength       100    10000 0.001000    5   10  0.00    5  29745     113.81   18.290   6.222     69.720     98.180      93.83   378.07
neighbors       randomUniform   perStrength       100    10000 0.001000    5   10  0.00   10  29845     103.99   18.139   5.733     69.620     98.610     102.99   358.67
neighbors       randomUniform   perStrength       100    10000 0.001000    5   10  0.10    5  29945     112.80   18.123   6.224     67.660    100.210      94.21   391.87
neighbors       randomUniform   perStrength       100    10000 0.001000    5   10  0.10   10  30045     103.32   18.170   5.686     69.150     98.365     100.89   361.40
neighbors       randomUniform   perStrength       100    10000 0.001000    5   10  0.25    5  30145     117.51   18.225   6.448     69.180     98.009      91.04   370.79
neighbors       randomUniform   perStrength       100    10000 0.001000    5   10  0.25   10  30245     107.97   18.247   5.917     68.560     98.962      95.78   362.99
neighbors       randomUniform   perStrength       100    10000 0.010000    5    5  0.00    5  30345     119.49   33.389   3.579     68.970     98.095      86.27   272.25
neighbors       randomUniform   perStrength       100    10000 0.010000    5    5  0.00   10  30445     114.44   33.336   3.433     68.260     99.066      89.54   270.04
neighbors       randomUniform   perStrength       100    10000 0.010000    5    5  0.10    5  30545     119.02   33.415   3.562     68.050     97.267      85.77   275.65
neighbors       randomUniform   perStrength       100    10000 0.010000    5    5  0.10   10  30645     117.56   33.132   3.548     67.850    100.627      87.04   263.10
neighbors       randomUniform   perStrength       100    10000 0.010000    5    5  0.25    5  30745     120.90   33.218   3.640     68.350     99.513      84.82   268.57
neighbors       randomUniform   perStrength       100    10000 0.010000    5    5  0.25   10  30845     115.88   33.373   3.472     67.950    100.047      88.43   279.68
neighbors       randomUniform   perStrength       100    10000 0.010000    5   10  0.00    5  30945      87.92   18.188   4.834     68.900     99.879     118.19   306.37
neighbors       randomUniform   perStrength       100    10000 0.010000    5   10  0.00   10  31045      89.73   18.274   4.910     68.580     98.388     117.44   294.82
neighbors       randomUniform   perStrength       100    10000 0.010000    5   10  0.10    5  31145      91.74   18.257   5.025     68.580     99.949     113.95   304.83
neighbors       randomUniform   perStrength       100    10000 0.010000    5   10  0.10   10  31245      89.01   18.315   4.860     67.240    100.030     117.79   298.01
neighbors       randomUniform   perStrength       100    10000 0.010000    5   10  0.25    5  31345      90.04   18.072   4.982     68.170    100.823     116.09   308.80
neighbors       randomUniform   perStrength       100    10000 0.010000    5   10  0.25   10  31445      86.67   18.299   4.736     68.550     99.801     120.53   303.92
