churn           equal           one              1000   100000 0.000000   -1    1 -1.00   -1  12345     747.57  100.000   7.476     69.410    100.305     137.27   747.57
churn           equal           one              1000   100000 0.000010   -1    1 -1.00   -1  12445     733.44  100.000   7.334     69.000    100.280     139.76   730.63
churn           equal           one              1000   100000 0.000050   -1    1 -1.00   -1  12545     738.07  100.000   7.381     69.080    100.198     138.83   731.48
churn           equal           one              1000   100000 0.000100   -1    1 -1.00   -1  12645     728.30  100.000   7.283     69.000    100.231     140.30   716.84
churn           equal           one              1000   100000 0.000500   -1    1 -1.00   -1  12745     651.72  100.000   6.517     68.980    100.552     155.98   603.79
churn           equal           one              1000   100000 0.001000   -1    1 -1.00   -1  12845     593.83  100.000   5.938     69.020    100.482     171.12   525.32
churn           equal           one              1000   100000 0.005000   -1    1 -1.00   -1  12945     440.38  100.000   4.404     69.360    100.222     228.91   325.57
churn           equal           one              1000   100000 0.010000   -1    1 -1.00   -1  13045     374.75  100.000   3.748     69.180    100.473     268.58   243.95
churn           equal           one              1000   100000 0.025000   -1    1 -1.00   -1  13145     292.45  100.000   2.925     68.580    100.845     343.54   119.05
churn           equal           one              1000   100000 0.050000   -1    1 -1.00   -1  13245     250.01  100.000   2.500     68.600    100.758     401.32    48.65
churn           equal           one              1000   100000 0.075000   -1    1 -1.00   -1  13345     231.55  100.000   2.316     68.620    100.754     433.03    22.86
churn           equal           one              1000   100000 0.100000   -1    1 -1.00   -1  13445     216.84  100.000   2.168     69.350    100.175     462.66    16.31
churn           equal           perStrength      1000   100000 0.000000   -1    1 -1.00   -1  13545     764.17  100.000   7.642     69.250    100.267     134.95   764.17
churn           equal           perStrength      1000   100000 0.000010   -1    1 -1.00   -1  13645     751.01  100.000   7.510     68.840    100.854     136.23   748.10
churn           equal           perStrength      1000   100000 0.000050   -1    1 -1.00   -1  13745     737.08  100.000   7.371     68.920    100.088     139.27   720.22
churn           equal           perStrength      1000   100000 0.000100   -1    1 -1.00   -1  13845     730.42  100.000   7.304     68.840    100.486     140.02   713.76
churn           equal           perStrength      1000   100000 0.000500   -1    1 -1.00   -1  13945     643.53  100.000   6.435     68.830    100.450     157.92   597.04
churn           equal           perStrength      1000   100000 0.001000   -1    1 -1.00   -1  14045     597.15  100.000   5.971     69.640     99.806     169.77   537.05
churn           equal           perStrength      1000   100000 0.005000   -1    1 -1.00   -1  14145     428.44  100.000   4.284     69.060    100.488     235.01   332.53
churn           equal           perStrength      1000   100000 0.010000   -1    1 -1.00   -1  14245     369.58  100.000   3.696     68.690    100.945     271.93   239.49
churn           equal           perStrength      1000   100000 0.025000   -1    1 -1.00   -1  14345     297.67  100.000   2.977     68.750    100.657     337.44   118.76
churn           equal           perStrength      1000   100000 0.050000   -1    1 -1.00   -1  14445     248.62  100.000   2.486     69.240    100.396     403.45    50.98
churn           equal           perStrength      1000   100000 0.075000   -1    1 -1.00   -1  14545     229.62  100.000   2.296     68.930    100.867     436.75    25.28
churn           equal           perStrength      1000   100000 0.100000   -1    1 -1.00   -1  14645     216.25  100.000   2.163     69.320    100.321     463.68    15.74
churn           randomUniform   one              1000   100000 0.000000   -1    1 -1.00   -1  14745     750.21  100.000   7.502     69.270    100.350     136.67   750.21
churn           randomUniform   one              1000   100000 0.000010   -1    1 -1.00   -1  14845     748.78  100.000   7.488     69.780     99.849     136.88   747.41
churn           randomUniform   one              1000   100000 0.000050   -1    1 -1.00   -1  14945     761.39  100.000   7.614     69.480    100.361     134.75   742.04
churn           randomUniform   one              1000   100000 0.000100   -1    1 -1.00   -1  15045     712.47  100.000   7.125     68.930    100.383     143.32   698.34
churn           randomUniform   one              1000   100000 0.000500   -1    1 -1.00   -1  15145     651.73  100.000   6.517     68.920    100.417     155.77   599.83
churn           randomUniform   one              1000   100000 0.001000   -1    1 -1.00   -1  15245     592.90  100.000   5.929     69.030    100.241     171.01   533.67
churn           randomUniform   one              1000   100000 0.005000   -1    1 -1.00   -1  15345     443.07  100.000   4.431     69.150    100.427     227.59   325.29
churn           randomUniform   one              1000   100000 0.010000   -1    1 -1.00   -1  15445     371.59  100.000   3.716     69.360    100.499     270.91   235.94
churn           randomUniform   one              1000   100000 0.025000   -1    1 -1.00   -1  15545     296.36  100.000   2.964     69.200     99.937     339.32   113.77
churn           randomUniform   one              1000   100000 0.050000   -1    1 -1.00   -1  15645     250.79  100.000   2.508     69.320    100.499     399.77    49.89
churn           randomUniform   one              1000   100000 0.075000   -1    1 -1.00   -1  15745     228.89  100.000   2.289     69.270    100.245     438.25    26.75
churn           randomUniform   one              1000   100000 0.100000   -1    1 -1.00   -1  15845     216.83  100.000   2.168     69.340     99.844     462.30    15.77
churn           randomUniform   perStrength      1000   100000 0.000000   -1    1 -1.00   -1  15945     752.61  100.000   7.526     68.990    100.230     136.67   752.61
churn           randomUniform   perStrength      1000   100000 0.000010   -1    1 -1.00   -1  16045     752.24  100.000   7.522     69.140    100.188     136.58   750.33
churn           randomUniform   perStrength      1000   100000 0.000050   -1    1 -1.00   -1  16145     714.15  100.000   7.141     69.710     99.639     143.07   712.09
churn           randomUniform   perStrength      1000   100000 0.000100   -1    1 -1.00   -1  16245     715.97  100.000   7.160     68.640    100.662     142.00   703.89
churn           randomUniform   perStrength      1000   100000 0.000500   -1    1 -1.00   -1  16345     666.26  100.000   6.663     68.860    100.793     153.66   616.73
churn           randomUniform   perStrength      1000   100000 0.001000   -1    1 -1.00   -1  16445     604.75  100.000   6.048     68.810    100.971     167.72   543.54
churn           randomUniform   perStrength      1000   100000 0.005000   -1    1 -1.00   -1  16545     438.77  100.000   4.388     69.120     99.980     229.64   320.87
churn           randomUniform   perStrength      1000   100000 0.010000   -1    1 -1.00   -1  16645     372.99  100.000   3.730     69.030    100.297     270.33   237.42
churn           randomUniform   perStrength      1000   100000 0.025000   -1    1 -1.00   -1  16745     299.08  100.000   2.991     69.220    100.095     336.13   115.24
churn           randomUniform   perStrength      1000   100000 0.050000   -1    1 -1.00   -1  16845     252.92  100.000   2.529     69.120    100.133     396.95    49.50
churn           randomUniform   perStrength      1000   100000 0.075000   -1    1 -1.00   -1  16945     232.85  100.000   2.329     68.940    100.221     430.53    22.87
churn           randomUniform   perStrength      1000   100000 0.100000   -1    1 -1.00   -1  17045     216.17  100.000   2.162     69.070    100.658     463.67    15.86
