neighbors       equal           one              1000   100000 0.000000    5    5  0.00    5  12345     503.31  100.000   5.033     69.410    100.305     202.37   493.90
neighbors       equal           one              1000   100000 0.000000    5    5  0.00   10  12445     477.11  100.000   4.771     69.000    100.280     212.33   467.11
neighbors       equal           one              1000   100000 0.000000    5    5  0.10    5  12545     499.32  100.000   4.993     69.080    100.198     203.39   496.59
neighbors       equal           one              1000   100000 0.000000    5    5  0.10   10  12645     464.06  100.000   4.641     69.000    100.231     217.77   456.98
neighbors       equal           one              1000   100000 0.000000    5    5  0.25    5  12745     514.05  100.000   5.140     68.980    100.552     198.26   508.47
neighbors       equal           one              1000   100000 0.000000    5    5  0.25   10  12845     470.00  100.000   4.700     69.020    100.482     215.86   462.06
neighbors       equal           one              1000   100000 0.000000    5   10  0.00    5  12945     499.63  100.000   4.996     69.360    100.222     204.10   493.46
neighbors       equal           one              1000   100000 0.000000    5   10  0.00   10  13045     472.11  100.000   4.721     69.180    100.473     214.66   461.63
neighbors       equal           one              1000   100000 0.000000    5   10  0.10    5  13145     498.83  100.000   4.988     68.580    100.845     203.49   495.38
neighbors       equal           one              1000   100000 0.000000    5   10  0.10   10  13245     470.00  100.000   4.700     68.600    100.758     215.24   463.18
neighbors       equal           one              1000   100000 0.000000    5   10  0.25    5  13345     498.78  100.000   4.988     68.620    100.754     203.88   494.62
neighbors       equal           one              1000   100000 0.000000    5   10  0.25   10  13445     457.09  100.000   4.571     69.350    100.175     221.33   449.98
neighbors       equal           one              1000   100000 0.000100    5    5  0.00    5  13545     494.03  100.000   4.940     69.250    100.267     206.01   482.91
neighbors       equal           one              1000   100000 0.000100    5    5  0.00   10  13645     473.76  100.000   4.738     68.840    100.854     213.37   457.25
neighbors       equal           one              1000   100000 0.000100    5    5  0.10    5  13745     496.85  100.000   4.969     68.920    100.088     205.81   487.17
neighbors       equal           one              1000   100000 0.000100    5    5  0.10   10  13845     462.78  100.000   4.628     68.840    100.486     218.17   453.03
neighbors       equal           one              1000   100000 0.000100    5    5  0.25    5  13945     480.25  100.000   4.803     68.830    100.450     211.54   472.07
neighbors       equal           one              1000   100000 0.000100    5    5  0.25   10  14045     457.75  100.000   4.577     69.640     99.806     221.34   447.02
neighbors       equal           one              1000   100000 0.000100    5   10  0.00    5  14145     501.44  100.000   5.014     69.060    100.488     203.17   491.49
neighbors       equal           one              1000   100000 0.000100    5   10  0.00   10  14245     469.79  100.000   4.698     68.690    100.945     214.99   458.02
neighbors       equal           one              1000   100000 0.000100    5   10  0.10    5  14345     488.07  100.000   4.881     68.750    100.657     209.22   476.55
neighbors       equal           one              1000   100000 0.000100    5   10  0.10   10  14445     460.31  100.000   4.603     69.240    100.396     219.80   451.58
neighbors       equal           one              1000   100000 0.000100    5   10  0.25    5  14545     484.76  100.000   4.848     68.930    100.867     210.28   474.54
neighbors       equal           one              1000   100000 0.000100    5   10  0.25   10  14645     458.77  100.000   4.588     69.320    100.321     219.97   451.49
neighbors       equal           one              1000   100000 0.001000    5    5  0.00    5  14745     436.41  100.000   4.364     69.250    100.423     231.82   407.05
neighbors       equal           one              1000   100000 0.001000    5    5  0.00   10  14845     420.26  100.000   4.203     69.810     99.887     239.96   393.94
neighbors       equal           one              1000   100000 0.001000    5    5  0.10    5  14945     439.48  100.000   4.395     69.320    100.329     230.93   404.88
neighbors       equal           one              1000   100000 0.001000    5    5  0.10   10  15045     414.74  100.000   4.147     69.130    100.387     243.29   390.38
neighbors       equal           one              1000   100000 0.001000    5    5  0.25    5  15145     434.82  100.000   4.348     68.990    100.430     232.78   404.32
neighbors       equal           one              1000   100000 0.001000    5    5  0.25   10  15245     407.53  100.000   4.075     69.020    100.192     248.00   384.21
neighbors       equal           one              1000   100000 0.001000    5   10  0.00    5  15345     436.05  100.000   4.361     69.240    100.408     232.12   400.79
neighbors       equal           one              1000   100000 0.001000    5   10  0.00   10  15445     417.66  100.000   4.177     69.300    100.509     241.71   390.38
neighbors       equal           one              1000   100000 0.001000    5   10  0.10    5  15545     428.65  100.000   4.287     69.110     99.965     236.21   406.65
neighbors       equal           one              1000   100000 0.001000    5   10  0.10   10  15645     416.08  100.000   4.161     69.280    100.526     243.39   387.82
neighbors       equal           one              1000   100000 0.001000    5   10  0.25    5  15745     424.38  100.000   4.244     69.070    100.338     238.65   399.19
neighbors       equal           one              1000   100000 0.001000    5   10  0.25   10  15845     413.77  100.000   4.138     69.490     99.881     244.45   385.09
neighbors       equal           one              1000   100000 0.010000    5    5  0.00    5  15945     298.61  100.000   2.986     69.150    100.201     337.12   215.57
neighbors       equal           one              1000   100000 0.010000    5    5  0.00   10  16045     292.88  100.000   2.929     69.120    100.188     343.21   214.67
neighbors       equal           one              1000   100000 0.010000    5    5  0.10    5  16145     297.78  100.000   2.978     69.500     99.633     338.22   210.56
neighbors       equal           one              1000   100000 0.010000    5    5  0.10   10  16245     294.23  100.000   2.942     68.610    100.655     341.98   213.36
neighbors       equal           one              1000   100000 0.010000    5    5  0.25    5  16345     296.24  100.000   2.962     68.920    100.820     339.56   219.20
neighbors       equal           one              1000   100000 0.010000    5    5  0.25   10  16445     295.94  100.000   2.959     68.930    100.920     340.01   217.14
neighbors       equal           one              1000   100000 0.010000    5   10  0.00    5  16545     293.58  100.000   2.936     69.040     99.964     342.23   214.24
neighbors       equal           one              1000   100000 0.010000    5   10  0.00   10  16645     298.46  100.000   2.985     68.950    100.369     337.18   212.94
neighbors       equal           one              1000   100000 0.010000    5   10  0.10    5  16745     296.74  100.000   2.967     69.370    100.033     339.47   214.50
neighbors       equal           one              1000   100000 0.010000    5   10  0.10   10  16845     295.23  100.000   2.952     69.010    100.179     340.44   217.39
neighbors       equal           one              1000   100000 0.010000    5   10  0.25    5  16945     297.03  100.000   2.970     69.000    100.251     338.99   211.16
neighbors       equal           one              1000   100000 0.010000    5   10  0.25   10  17045     293.82  100.000   2.938     69.150    100.681     342.20   215.24
neighbors       equal           perStrength      1000   100000 0.000000    5    5  0.00    5  17145     111.51   20.000   5.575     69.110     99.750     917.21   535.99
neighbors       equal           perStrength      1000   100000 0.000000    5    5  0.00   10  17245     109.31   20.000   5.466     69.100    100.074     930.06   517.88
neighbors       equal           perStrength      1000   100000 0.000000    5    5  0.10    5  17345     114.42   20.000   5.721     68.950    100.608     898.07   555.06
neighbors       equal           perStrength      1000   100000 0.000000    5    5  0.10   10  17445     109.33   20.000   5.466     68.910    100.367     932.87   531.36
neighbors       equal           perStrength      1000   100000 0.000000    5    5  0.25    5  17545     110.51   20.000   5.526     68.940    100.277     931.84   544.09
neighbors       equal           perStrength      1000   100000 0.000000    5    5  0.25   10  17645     106.49   20.000   5.324     69.120    100.721     954.54   519.33
neighbors       equal           perStrength      1000   100000 0.000000    5   10  0.00    5  17745      58.66   10.000   5.866     69.360    100.148    1760.92   556.82
neighbors       equal           perStrength      1000   100000 0.000000    5   10  0.00   10  17845      58.22   10.000   5.822     69.120    100.493    1765.36   546.25
neighbors       equal           perStrength      1000   100000 0.000000    5   10  0.10    5  17945      58.74   10.000   5.874     69.250    100.589    1740.37   558.36
neighbors       equal           perStrength      1000   100000 0.000000    5   10  0.10   10  18045      58.10   10.000   5.810     68.990    100.152    1766.97   552.11
neighbors       equal           perStrength      1000   100000 0.000000    5   10  0.25    5  18145      58.12   10.000   5.812     68.970    100.831    1766.98   565.62
neighbors       equal           perStrength      1000   100000 0.000000    5   10  0.25   10  18245      56.07   10.000   5.607     69.190     99.951    1820.39   544.17
neighbors       equal           perStrength      1000   100000 0.000100    5    5  0.00    5  18345     113.08   20.000   5.654     68.700    100.807     904.73   543.35
neighbors       equal           perStrength      1000   100000 0.000100    5    5  0.00   10  18445     109.58   20.000   5.479     69.230    100.289     932.61   521.96
neighbors       equal           perStrength      1000   100000 0.000100    5    5  0.10    5  18545     110.61   20.000   5.530     69.340    100.426     925.94   540.26
neighbors       equal           perStrength      1000   100000 0.000100    5    5  0.10   10  18645     108.22   20.000   5.411     68.840    100.592     942.01   524.85
neighbors       equal           perStrength      1000   100000 0.000100    5    5  0.25    5  18745     110.11   20.000   5.505     69.140    100.359     927.41   538.11
neighbors       equal           perStrength      1000   100000 0.000100    5    5  0.25   10  18845     108.12   20.000   5.406     68.970    100.774     949.49   524.87
neighbors       equal           perStrength      1000   100000 0.000100    5   10  0.00    5  18945      57.69   10.000   5.769     69.230    100.089    1777.69   539.48
neighbors       equal           perStrength      1000   100000 0.000100    5   10  0.00   10  19045      56.61   10.000   5.661     69.070    100.358    1805.46   523.16
neighbors       equal           perStrength      1000   100000 0.000100    5   10  0.10    5  19145      56.40   10.000   5.640     68.750    100.540    1810.78   538.15
neighbors       equal           perStrength      1000   100000 0.000100    5   10  0.10   10  19245      58.96   10.000   5.896     68.960    100.765    1738.04   560.62
neighbors       equal           perStrength      1000   100000 0.000100    5   10  0.25    5  19345      57.31   10.000   5.731     69.080    100.499    1780.22   554.39
neighbors       equal           perStrength      1000   100000 0.000100    5   10  0.25   10  19445      56.10   10.000   5.610     69.390     99.942    1821.17   539.82
neighbors       equal           perStrength      1000   100000 0.001000    5    5  0.00    5  19545     107.11   20.000   5.356     69.250    100.129     953.58   499.84
neighbors       equal           perStrength      1000   100000 0.001000    5    5  0.00   10  19645     101.77   20.000   5.088     69.240     99.865     998.62   479.74
neighbors       equal           perStrength      1000   100000 0.001000    5    5  0.10    5  19745     105.64   20.000   5.282     69.390    100.336     965.66   500.65
neighbors       equal           perStrength      1000   100000 0.001000    5    5  0.10   10  19845     106.68   20.000   5.334     69.030    100.663     960.48   496.94
neighbors       equal           perStrength      1000   100000 0.001000    5    5  0.25    5  19945     105.70   20.000   5.285     68.680    100.638     965.03   504.42
neighbors       equal           perStrength      1000   100000 0.001000    5    5  0.25   10  20045     104.18   20.000   5.209     68.960    100.684     979.13   501.93
neighbors       equal           perStrength      1000   100000 0.001000    5   10  0.00    5  20145      58.74   10.000   5.874     68.990    100.328    1737.32   542.69
neighbors       equal           perStrength      1000   100000 0.001000    5   10  0.00   10  20245      55.05   10.000   5.505     68.790    100.583    1861.83   509.25
neighbors       equal           perStrength      1000   100000 0.001000    5   10  0.10    5  20345      56.71   10.000   5.671     69.000    100.763    1803.06   528.71
neighbors       equal           perStrength      1000   100000 0.001000    5   10  0.10   10  20445      56.65   10.000   5.665     69.160    100.493    1805.37   535.21
neighbors       equal           perStrength      1000   100000 0.001000    5   10  0.25    5  20545      56.27   10.000   5.627     69.310    100.121    1816.42   537.11
neighbors       equal           perStrength      1000   100000 0.001000    5   10  0.25   10  20645      56.36   10.000   5.636     69.310    100.055    1819.55   535.92
neighbors       equal           perStrength      1000   100000 0.010000    5    5  0.00    5  20745      86.02   20.000   4.301     69.170    100.050    1175.78   366.99
neighbors       equal           perStrength      1000   100000 0.010000    5    5  0.00   10  20845      84.88   20.000   4.244     69.090    100.760    1189.95   364.53
neighbors       equal           perStrength      1000   100000 0.010000    5    5  0.10    5  20945      85.52   20.000   4.276     69.410    100.395    1182.87   367.52
neighbors       equal           perStrength      1000   100000 0.010000    5    5  0.10   10  21045      82.77   20.000   4.138     69.120     99.915    1220.68   359.51
neighbors       equal           perStrength      1000   100000 0.010000    5    5  0.25    5  21145      85.43   20.000   4.272     68.900    100.805    1186.30   374.16
neighbors       equal           perStrength      1000   100000 0.010000    5    5  0.25   10  21245      83.85   20.000   4.192     69.130    100.151    1204.83   357.36
neighbors       equal           perStrength      1000   100000 0.010000    5   10  0.00    5  21345      48.56   10.000   4.856     69.170    100.376    2086.52   425.89
neighbors       equal           perStrength      1000   100000 0.010000    5   10  0.00   10  21445      49.01   10.000   4.901     68.990    100.331    2066.08   433.41
neighbors       equal           perStrength      1000   100000 0.010000    5   10  0.10    5  21545      50.19   10.000   5.019     69.100    100.477    2021.74   448.85
neighbors       equal           perStrength      1000   100000 0.010000    5   10  0.10   10  21645      48.57   10.000   4.857     68.860    100.098    2084.14   428.52
neighbors       equal           perStrength      1000   100000 0.010000    5   10  0.25    5  21745      48.50   10.000   4.850     69.120    100.297    2095.91   428.90
neighbors       equal           perStrength      1000   100000 0.010000    5   10  0.25   10  21845      48.32   10.000   4.832     68.970    100.346    2104.37   429.14
neighbors       randomUniform   one              1000   100000 0.000000    5    5  0.00    5  21945     494.65  100.000   4.946     69.190    100.007     204.99   487.88
neighbors       randomUniform   one              1000   100000 0.000000    5    5  0.00   10  22045     477.55  100.000   4.776     69.340    100.287     212.21   465.66
neighbors       randomUniform   one              1000   100000 0.000000    5    5  0.10    5  22145     513.47  100.000   5.135     68.980    100.601     197.94   508.76
neighbors       randomUniform   one              1000   100000 0.000000    5    5  0.10   10  22245     472.76  100.000   4.728     68.990    100.593     215.24   465.94
neighbors       randomUniform   one              1000   100000 0.000000    5    5  0.25    5  22345     498.34  100.000   4.983     68.950    100.468     204.73   493.58
neighbors       randomUniform   one              1000   100000 0.000000    5    5  0.25   10  22445     462.85  100.000   4.628     68.670    100.607     218.23   457.87
neighbors       randomUniform   one              1000   100000 0.000000    5   10  0.00    5  22545     509.23  100.000   5.092     68.890    100.299     199.74   500.01
neighbors       randomUniform   one              1000   100000 0.000000    5   10  0.00   10  22645     474.58  100.000   4.746     68.700    100.853     213.85   466.24
neighbors       randomUniform   one              1000   100000 0.000000    5   10  0.10    5  22745     501.72  100.000   5.017     69.460    100.323     202.37   496.66
neighbors       randomUniform   one              1000   100000 0.000000    5   10  0.10   10  22845     463.78  100.000   4.638     69.320     99.876     218.54   457.27
neighbors       randomUniform   one              1000   100000 0.000000    5   10  0.25    5  22945     490.30  100.000   4.903     69.180     99.811     207.56   486.11
neighbors       randomUniform   one              1000   100000 0.000000    5   10  0.25   10  23045     465.18  100.000   4.652     69.040    100.390     217.28   459.73
neighbors       randomUniform   one              1000   100000 0.000100    5    5  0.00    5  23145     497.27  100.000   4.973     68.680    101.356     204.23   485.81
neighbors       randomUniform   one              1000   100000 0.000100    5    5  0.00   10  23245     469.29  100.000   4.693     69.420    100.407     216.35   453.20
neighbors       randomUniform   one              1000   100000 0.000100    5    5  0.10    5  23345     492.22  100.000   4.922     69.020    100.381     206.80   485.26
neighbors       randomUniform   one              1000   100000 0.000100    5    5  0.10   10  23445     462.49  100.000   4.625     68.900    100.091     219.40   453.63
neighbors       randomUniform   one              1000   100000 0.000100    5    5  0.25    5  23545     499.95  100.000   5.000     69.260    100.255     203.78   493.04
neighbors       randomUniform   one              1000   100000 0.000100    5    5  0.25   10  23645     460.04  100.000   4.600     69.300    100.219     219.84   451.53
neighbors       randomUniform   one              1000   100000 0.000100    5   10  0.00    5  23745     490.49  100.000   4.905     69.170     99.964     206.85   482.83
neighbors       randomUniform   one              1000   100000 0.000100    5   10  0.00   10  23845     472.64  100.000   4.726     69.140    100.240     214.87   460.70
neighbors       randomUniform   one              1000   100000 0.000100    5   10  0.10    5  23945     485.30  100.000   4.853     69.100    100.408     209.69   479.18
neighbors       randomUniform   one              1000   100000 0.000100    5   10  0.10   10  24045     460.38  100.000   4.604     69.060    100.001     220.39   448.03
neighbors       randomUniform   one              1000   100000 0.000100    5   10  0.25    5  24145     494.07  100.000   4.941     69.290     99.967     206.10   485.94
neighbors       randomUniform   one              1000   100000 0.000100    5   10  0.25   10  24245     464.83  100.000   4.648     69.190    100.365     218.37   456.21
neighbors       randomUniform   one              1000   100000 0.001000    5    5  0.00    5  24345     434.63  100.000   4.346     69.310    100.524     232.89   403.22
neighbors       randomUniform   one              1000   100000 0.001000    5    5  0.00   10  24445     415.09  100.000   4.151     68.910    100.755     242.78   391.77
neighbors       randomUniform   one              1000   100000 0.001000    5    5  0.10    5  24545     427.62  100.000   4.276     69.050    100.603     236.42   403.85
neighbors       randomUniform   one              1000   100000 0.001000    5    5  0.10   10  24645     410.27  100.000   4.103     68.970    100.311     246.12   384.74
neighbors       randomUniform   one              1000   100000 0.001000    5    5  0.25    5  24745     427.72  100.000   4.277     68.980    100.749     237.08   403.68
neighbors       randomUniform   one              1000   100000 0.001000    5    5  0.25   10  24845     416.94  100.000   4.169     69.100     99.849     242.61   388.29
neighbors       randomUniform   one              1000   100000 0.001000    5   10  0.00    5  24945     430.17  100.000   4.302     69.230    100.178     235.43   401.34
neighbors       randomUniform   one              1000   100000 0.001000    5   10  0.00   10  25045     414.86  100.000   4.149     69.130    100.490     243.10   386.79
neighbors       randomUniform   one              1000   100000 0.001000    5   10  0.10    5  25145     435.56  100.000   4.356     69.570    100.157     232.74   403.44
neighbors       randomUniform   one              1000   100000 0.001000    5   10  0.10   10  25245     413.29  100.000   4.133     68.990    100.494     244.94   387.14
neighbors       randomUniform   one              1000   100000 0.001000    5   10  0.25    5  25345     424.04  100.000   4.240     69.120    100.169     238.79   394.59
neighbors       randomUniform   one              1000   100000 0.001000    5   10  0.25   10  25445     419.21  100.000   4.192     68.920    100.303     241.19   388.34
neighbors       randomUniform   one              1000   100000 0.010000    5    5  0.00    5  25545     298.31  100.000   2.983     68.980    100.627     337.56   214.51
neighbors       randomUniform   one              1000   100000 0.010000    5    5  0.00   10  25645     296.23  100.000   2.962     68.930    100.931     339.31   216.07
neighbors       randomUniform   one              1000   100000 0.010000    5    5  0.10    5  25745     295.29  100.000   2.953     69.500     99.578     340.92   216.01
neighbors       randomUniform   one              1000   100000 0.010000    5    5  0.10   10  25845     290.66  100.000   2.907     69.070    100.109     346.01   212.64
neighbors       randomUniform   one              1000   100000 0.010000    5    5  0.25    5  25945     296.66  100.000   2.967     69.090    100.518     339.51   214.18
neighbors       randomUniform   one              1000   100000 0.010000    5    5  0.25   10  26045     293.46  100.000   2.935     69.300    100.356     343.10   218.83
neighbors       randomUniform   one              1000   100000 0.010000    5   10  0.00    5  26145     298.88  100.000   2.989     68.960    100.390     336.42   212.40
neighbors       randomUniform   one              1000   100000 0.010000    5   10  0.00   10  26245     299.22  100.000   2.992     69.070    100.220     336.52   210.85
neighbors       randomUniform   one              1000   100000 0.010000    5   10  0.10    5  26345     294.54  100.000   2.945     69.540    100.148     342.00   213.28
neighbors       randomUniform   one              1000   100000 0.010000    5   10  0.10   10  26445     294.08  100.000   2.941     69.180    100.127     342.17   214.59
neighbors       randomUniform   one              1000   100000 0.010000    5   10  0.25    5  26545     293.14  100.000   2.931     69.350    100.158     343.09   215.45
neighbors       randomUniform   one              1000   100000 0.010000    5   10  0.25   10  26645     299.42  100.000   2.994     69.320     99.954     336.46   210.64
neighbors       randomUniform   perStrength      1000   100000 0.000000    5    5  0.00    5  26745     319.31   33.299   9.589     69.100    100.617     325.20   595.44
neighbors       randomUniform   perStrength      1000   100000 0.000000    5    5  0.00   10  26845     313.85   33.290   9.428     68.710    100.935     328.43   578.34
neighbors       randomUniform   perStrength      1000   100000 0.000000    5    5  0.10    5  26945     344.22   33.417  10.301     69.230     99.951     302.17   569.74
neighbors       randomUniform   perStrength      1000   100000 0.000000    5    5  0.10   10  27045     309.02   33.293   9.282     69.150    100.149     332.30   561.34
neighbors       randomUniform   perStrength      1000   100000 0.000000    5    5  0.25    5  27145     350.14   33.364  10.494     69.030    100.240     298.47   581.36
neighbors       randomUniform   perStrength      1000   100000 0.000000    5    5  0.25   10  27245     314.49   33.347   9.431     68.990    100.532     327.74   569.59
neighbors       randomUniform   perStrength      1000   100000 0.000000    5   10  0.00    5  27345     267.90   18.213  14.709     69.340    100.428     395.55   611.56
neighbors       randomUniform   perStrength      1000   100000 0.000000    5   10  0.00   10  27445     227.77   18.194  12.519     69.070    100.206     457.32   582.79
neighbors       randomUniform   perStrength      1000   100000 0.000000    5   10  0.10    5  27545     263.83   18.159  14.529     69.000    100.323     399.29   605.86
neighbors       randomUniform   perStrength      1000   100000 0.000000    5   10  0.10   10  27645     233.76   18.208  12.838     69.520     99.995     443.40   591.45
neighbors       randomUniform   perStrength      1000   100000 0.000000    5   10  0.25    5  27745     289.56   18.188  15.920     69.540    100.267     367.51   587.87
neighbors       randomUniform   perStrength      1000   100000 0.000000    5   10  0.25   10  27845     250.71   18.136  13.824     69.360     99.920     415.00   593.71
neighbors       randomUniform   perStrength      1000   100000 0.000100    5    5  0.00    5  27945     317.40   33.328   9.523     69.040    100.424     329.61   590.57
neighbors       randomUniform   perStrength      1000   100000 0.000100    5    5  0.00   10  28045     300.29   33.322   9.012     69.190    100.227     343.67   573.43
neighbors       randomUniform   perStrength      1000   100000 0.000100    5    5  0.10    5  28145     330.89   33.396   9.908     69.150     99.961     312.92   572.58
neighbors       randomUniform   perStrength      1000   100000 0.000100    5    5  0.10   10  28245     304.16   33.272   9.141     68.990    100.502     336.73   566.02
neighbors       randomUniform   perStrength      1000   100000 0.000100    5    5  0.25    5  28345     333.47   33.329  10.005     69.120    100.356     309.37   573.73
neighbors       randomUniform   perStrength      1000   100000 0.000100    5    5  0.25   10  28445     307.21   33.331   9.217     69.160    100.465     334.72   557.45
neighbors       randomUniform   perStrength      1000   100000 0.000100    5   10  0.00    5  28545     252.07   18.172  13.871     69.360     99.924     423.81   591.61
neighbors       randomUniform   perStrength      1000   100000 0.000100    5   10  0.00   10  28645     234.73   18.231  12.875     68.870    100.537     444.56   593.96
neighbors       randomUniform   perStrength      1000   100000 0.000100    5   10  0.10    5  28745     256.31   18.173  14.104     69.110    100.653     411.64   599.02
neighbors       randomUniform   perStrength      1000   100000 0.000100    5   10  0.10   10  28845     243.25   18.211  13.358     69.290    100.338     429.69   587.40
neighbors       randomUniform   perStrength      1000   100000 0.000100    5   10  0.25    5  28945     274.74   18.145  15.142     69.070    100.025     383.20   594.46
neighbors       randomUniform   perStrength      1000   100000 0.000100    5   10  0.25   10  29045     255.58   18.204  14.040     69.430     99.952     406.71   583.05
neighbors       randomUniform   perStrength      1000   100000 0.001000    5    5  0.00    5  29145     283.37   33.289   8.513     69.210    100.335     364.18   531.29
neighbors       randomUniform   perStrength      1000   100000 0.001000    5    5  0.00   10  29245     268.14   33.396   8.029     69.040    100.042     382.81   515.61
neighbors       randomUniform   perStrength      1000   100000 0.001000    5    5  0.10    5  29345     281.88   33.377   8.445     69.500     99.916     365.11   514.10
neighbors       randomUniform   perStrength      1000   100000 0.001000    5    5  0.10   10  29445     264.46   33.406   7.917     69.460    100.026     388.33   506.66
neighbors       randomUniform   perStrength      1000   100000 0.001000    5    5  0.25    5  29545     293.65   33.315   8.814     68.920    100.428     350.62   517.70
neighbors       randomUniform   perStrength      1000   100000 0.001000    5    5  0.25   10  29645     269.80   33.305   8.101     69.490     99.979     380.64   507.96
neighbors       randomUniform   perStrength      1000   100000 0.001000    5   10  0.00    5  29745     229.56   18.191  12.619     69.210    100.082     452.65   548.51
neighbors       randomUniform   perStrength      1000   100000 0.001000    5   10  0.00   10  29845     206.29   18.207  11.330     69.370    100.002     505.29   565.40
neighbors       randomUniform   perStrength      1000   100000 0.001000    5   10  0.10    5  29945     234.47   18.190  12.890     68.990    100.521     446.86   554.03
neighbors       randomUniform   perStrength      1000   100000 0.001000    5   10  0.10   10  30045     214.00   18.148  11.792     69.310    100.397     480.02   550.31
neighbors       randomUniform   perStrength      1000   100000 0.001000    5   10  0.25    5  30145     237.26   18.204  13.033     68.910    100.847     437.55   552.16
neighbors       randomUniform   perStrength      1000   100000 0.001000    5   10  0.25   10  30245     222.79   18.162  12.267     68.650    100.770     465.73   545.87
neighbors       randomUniform   perStrength      1000   100000 0.010000    5    5  0.00    5  30345     170.68   33.317   5.123     69.350    100.131     594.62   351.76
neighbors       randomUniform   perStrength      1000   100000 0.010000    5    5  0.00   10  30445     171.93   33.330   5.158     68.760    100.380     590.48   347.64
neighbors       randomUniform   perStrength      1000   100000 0.010000    5    5  0.10    5  30545     172.73   33.426   5.168     69.630     99.971     586.08   353.79
neighbors       randomUniform   perStrength      1000   100000 0.010000    5    5  0.10   10  30645     171.18   33.333   5.135     68.590    100.359     591.97   349.25
neighbors       randomUniform   perStrength      1000   100000 0.010000    5    5  0.25    5  30745     169.90   33.329   5.098     69.000    100.642     595.63   349.09
neighbors       randomUniform   perStrength      1000   100000 0.010000    5    5  0.25   10  30845     169.69   33.435   5.075     69.170    100.054     599.00   355.03
neighbors       randomUniform   perStrength      1000   100000 0.010000    5   10  0.00    5  30945     131.29   18.153   7.232     68.880    100.232     775.64   414.74
neighbors       randomUniform   perStrength      1000   100000 0.010000    5   10  0.00   10  31045     131.61   18.201   7.231     69.520    100.393     776.11   413.82
neighbors       randomUniform   perStrength      1000   100000 0.010000    5   10  0.10    5  31145     134.72   18.180   7.410     69.220    100.216     766.88   414.22
neighbors       randomUniform   perStrength      1000   100000 0.010000    5   10  0.10   10  31245     135.50   18.248   7.426     68.910    100.357     752.14   408.15
neighbors       randomUniform   perStrength      1000   100000 0.010000    5   10  0.25    5  31345     137.23   18.190   7.544     69.340    100.492     742.47   399.32
neighbors       randomUniform   perStrength      1000   100000 0.010000    5   10  0.25   10  31445     136.73   18.235   7.498     68.690    100.586     748.13   409.15
