invite          equal           one              1000    10000 0.000000    5    5  0.00    5  12345      60.11   10.000   6.011      6.880     10.467     171.80    57.95
invite          equal           one              1000    10000 0.000000    5    5  0.00   10  12445      60.57   10.000   6.057      6.870     10.493     169.67    58.45
invite          equal           one              1000    10000 0.000000    5    5  0.10    5  12545      60.19   10.000   6.019      6.870     10.452     171.48    58.87
invite          equal           one              1000    10000 0.000000    5    5  0.10   10  12645      58.79   10.000   5.879      6.890     10.441     173.65    57.60
invite          equal           one              1000    10000 0.000000    5    5  0.25    5  12745      59.29   10.000   5.929      6.860     10.500     173.51    58.65
invite          equal           one              1000    10000 0.000000    5    5  0.25   10  12845      60.23   10.000   6.023      6.880     10.482     173.86    59.51
invite          equal           one              1000    10000 0.000000    5   10  0.00    5  12945      59.41   10.000   5.941      6.870     10.458     174.43    57.25
invite          equal           one              1000    10000 0.000000    5   10  0.00   10  13045      59.00   10.000   5.900      6.820     10.481     175.61    57.27
invite          equal           one              1000    10000 0.000000    5   10  0.10    5  13145      60.65   10.000   6.065      6.820     10.523     169.28    59.48
invite          equal           one              1000    10000 0.000000    5   10  0.10   10  13245      58.23   10.000   5.823      6.840     10.524     177.39    57.17
invite          equal           one              1000    10000 0.000000    5   10  0.25    5  13345      58.88   10.000   5.888      6.860     10.473     175.65    58.25
invite          equal           one              1000    10000 0.000000    5   10  0.25   10  13445      60.54   10.000   6.054      6.840     10.480     173.62    59.94
invite          equal           perStrength      1000    10000 0.000000    5    5  0.00    5  13545      13.91    2.000   6.955      6.910     10.448     740.89    61.44
invite          equal           perStrength      1000    10000 0.000000    5    5  0.00   10  13645      13.75    2.000   6.875      6.880     10.530     742.88    59.90
invite          equal           perStrength      1000    10000 0.000000    5    5  0.10    5  13745      13.58    2.000   6.790      6.870     10.449     758.68    60.43
invite          equal           perStrength      1000    10000 0.000000    5    5  0.10   10  13845      13.72    2.000   6.860      6.850     10.478     750.58    61.24
invite          equal           perStrength      1000    10000 0.000000    5    5  0.25    5  13945      13.23    2.000   6.615      6.850     10.487     771.07    60.21
invite          equal           perStrength      1000    10000 0.000000    5    5  0.25   10  14045      12.78    2.000   6.390      6.900     10.438     800.79    57.63
invite          equal           perStrength      1000    10000 0.000000    5   10  0.00    5  14145       7.50    1.000   7.500      6.870     10.493    1368.90    65.93
invite          equal           perStrength      1000    10000 0.000000    5   10  0.00   10  14245       7.79    1.000   7.790      6.850     10.517    1316.12    67.87
invite          equal           perStrength      1000    10000 0.000000    5   10  0.10    5  14345       7.44    1.000   7.440      6.860     10.513    1367.86    67.49
invite          equal           perStrength      1000    10000 0.000000    5   10  0.10   10  14445       7.41    1.000   7.410      6.840     10.476    1376.07    65.11
invite          equal           perStrength      1000    10000 0.000000    5   10  0.25    5  14545       7.28    1.000   7.280      6.810     10.528    1396.98    65.27
invite          equal           perStrength      1000    10000 0.000000    5   10  0.25   10  14645       7.28    1.000   7.280      6.910     10.455    1403.65    64.42
invite          randomUniform   one              1000    10000 0.000000    5    5  0.00    5  14745      59.30   10.000   5.930      6.880     10.472     173.54    57.46
invite          randomUniform   one              1000    10000 0.000000    5    5  0.00   10  14845      62.62   10.000   6.262      6.910     10.445     165.11    60.82
invite          randomUniform   one              1000    10000 0.000000    5    5  0.10    5  14945      61.80   10.000   6.180      6.920     10.471     167.04    60.76
invite          randomUniform   one              1000    10000 0.000000    5    5  0.10   10  15045      58.26   10.000   5.826      6.880     10.451     177.29    57.32
invite          randomUniform   one              1000    10000 0.000000    5    5  0.25    5  15145      61.27   10.000   6.127      6.910     10.467     168.41    60.56
invite          randomUniform   one              1000    10000 0.000000    5    5  0.25   10  15245      57.65   10.000   5.765      6.890     10.470     178.20    56.83
invite          randomUniform   one              1000    10000 0.000000    5   10  0.00    5  15345      59.73   10.000   5.973      6.880     10.475     171.65    57.75
invite          randomUniform   one              1000    10000 0.000000    5   10  0.00   10  15445      60.50   10.000   6.050      6.890     10.489     170.39    58.74
invite          randomUniform   one              1000    10000 0.000000    5   10  0.10    5  15545      57.92   10.000   5.792      6.870     10.431     178.36    56.93
invite          randomUniform   one              1000    10000 0.000000    5   10  0.10   10  15645      60.95   10.000   6.095      6.880     10.493     169.57    59.88
invite          randomUniform   one              1000    10000 0.000000    5   10  0.25    5  15745      57.93   10.000   5.793      6.840     10.473     178.87    57.32
invite          randomUniform   one              1000    10000 0.000000    5   10  0.25   10  15845      57.17   10.000   5.717      6.890     10.413     179.44    56.65
invite          randomUniform   perStrength      1000    10000 0.000000    5    5  0.00    5  15945      37.34    3.338  11.188      6.830     10.454     282.11    59.91
invite          randomUniform   perStrength      1000    10000 0.000000    5    5  0.00   10  16045      39.18    3.339  11.734      6.880     10.473     269.15    59.43
invite          randomUniform   perStrength      1000    10000 0.000000    5    5  0.10    5  16145      38.95    3.345  11.645      6.940     10.379     275.23    57.79
invite          randomUniform   perStrength      1000    10000 0.000000    5    5  0.10   10  16245      39.61    3.331  11.890      6.820     10.486     266.99    58.79
invite          randomUniform   perStrength      1000    10000 0.000000    5    5  0.25    5  16345      41.89    3.339  12.545      6.860     10.498     254.89    60.94
invite          randomUniform   perStrength      1000    10000 0.000000    5    5  0.25   10  16445      40.94    3.325  12.312      6.920     10.542     258.99    62.70
invite          randomUniform   perStrength      1000    10000 0.000000    5   10  0.00    5  16545      30.46    1.817  16.764      6.900     10.434     352.28    63.40
invite          randomUniform   perStrength      1000    10000 0.000000    5   10  0.00   10  16645      30.67    1.815  16.894      6.860     10.477     348.17    65.21
invite          randomUniform   perStrength      1000    10000 0.000000    5   10  0.10    5  16745      33.25    1.816  18.306      6.870     10.455     320.62    64.39
invite          randomUniform   perStrength      1000    10000 0.000000    5   10  0.10   10  16845      33.68    1.818  18.522      6.890     10.437     322.86    63.74
invite          randomUniform   perStrength      1000    10000 0.000000    5   10  0.25    5  16945      34.41    1.811  18.996      6.860     10.455     317.51    62.44
invite          randomUniform   perStrength      1000    10000 0.000000    5   10  0.25   10  17045      34.23    1.817  18.843      6.860     10.512     323.31    63.55
