churn           equal           one               100    10000 0.000000   -1    1 -1.00   -1  12345     504.33  100.000   5.043     68.020     98.364      20.58   504.33
churn           equal           one               100    10000 0.000100   -1    1 -1.00   -1  12445     493.42  100.000   4.934     69.410     98.376      21.18   481.50
churn           equal           one               100    10000 0.001000   -1    1 -1.00   -1  12545     439.09  100.000   4.391     68.470     98.818      23.31   386.07
churn           equal           one               100    10000 0.010000   -1    1 -1.00   -1  12645     307.65  100.000   3.076     68.330    100.400      32.92   182.72
churn           equal           perStrength       100    10000 0.000000   -1    1 -1.00   -1  12745     523.26  100.000   5.233     67.640    100.053      19.94   523.26
churn           equal           perStrength       100    10000 0.000100   -1    1 -1.00   -1  12845     488.39  100.000   4.884     69.680     97.856      21.34   479.01
churn           equal           perStrength       100    10000 0.001000   -1    1 -1.00   -1  12945     434.79  100.000   4.348     70.090     97.761      23.68   397.23
churn           equal           perStrength       100    10000 0.010000   -1    1 -1.00   -1  13045     303.92  100.000   3.039     68.610     99.181      33.32   191.99
churn           randomUniform   one               100    10000 0.000000   -1    1 -1.00   -1  13145     514.56  100.000   5.146     69.060     98.643      20.32   514.56
churn           randomUniform   one               100    10000 0.000100   -1    1 -1.00   -1  13245     516.96  100.000   5.170     68.820     99.345      20.44   499.58
churn           randomUniform   one               100    10000 0.001000   -1    1 -1.00   -1  13345     432.66  100.000   4.327     68.720     98.413      23.82   388.12
churn           randomUniform   one               100    10000 0.010000   -1    1 -1.00   -1  13445     302.73  100.000   3.027     67.880     98.563      33.44   184.75
churn           randomUniform   perStrength       100    10000 0.000000   -1    1 -1.00   -1  13545     527.25  100.000   5.272     68.750     98.795      20.07   527.25
churn           randomUniform   perStrength       100    10000 0.000100   -1    1 -1.00   -1  13645     492.75  100.000   4.928     68.470     97.496      20.99   485.63
churn           randomUniform   perStrength       100    10000 0.001000   -1    1 -1.00   -1  13745     437.43  100.000   4.374     69.150     98.809      23.54   387.88
churn           randomUniform   perStrength       100    10000 0.010000   -1    1 -1.00   -1  13845     305.15  100.000   3.051     67.220    100.570      33.16   178.80
