randomInjection equal           one              1000   100000 0.000000    5    5  0.00   -1  12345     155.80  100.000   1.558     69.410    100.305     642.47   143.73
randomInjection equal           one              1000   100000 0.000000    5    5  0.10   -1  12445     145.68  100.000   1.457     69.000    100.280     687.55   139.43
randomInjection equal           one              1000   100000 0.000000    5    5  0.25   -1  12545     144.10  100.000   1.441     69.080    100.198     694.79   141.51
randomInjection equal           one              1000   100000 0.000000    5   10  0.00   -1  12645     156.35  100.000   1.563     69.000    100.231     640.29   143.35
randomInjection equal           one              1000   100000 0.000000    5   10  0.10   -1  12745     142.87  100.000   1.429     68.980    100.552     700.78   137.43
randomInjection equal           one              1000   100000 0.000000    5   10  0.25   -1  12845     135.87  100.000   1.359     69.020    100.482     737.11   134.74
randomInjection equal           one              1000   100000 0.000100    5    5  0.00   -1  12945     155.78  100.000   1.558     69.360    100.222     642.65   142.74
randomInjection equal           one              1000   100000 0.000100    5    5  0.10   -1  13045     146.00  100.000   1.460     69.180    100.473     686.03   139.33
randomInjection equal           one              1000   100000 0.000100    5    5  0.25   -1  13145     143.20  100.000   1.432     68.580    100.845     699.14   141.13
randomInjection equal           one              1000   100000 0.000100    5   10  0.00   -1  13245     156.51  100.000   1.565     68.600    100.758     639.67   144.35
randomInjection equal           one              1000   100000 0.000100    5   10  0.10   -1  13345     142.66  100.000   1.427     68.620    100.754     701.95   137.59
randomInjection equal           one              1000   100000 0.000100    5   10  0.25   -1  13445     136.01  100.000   1.360     69.350    100.175     736.02   135.06
randomInjection equal           one              1000   100000 0.001000    5    5  0.00   -1  13545     157.99  100.000   1.580     69.250    100.267     633.80   144.08
randomInjection equal           one              1000   100000 0.001000    5    5  0.10   -1  13645     147.77  100.000   1.478     68.840    100.854     677.81   141.64
randomInjection equal           one              1000   100000 0.001000    5    5  0.25   -1  13745     144.81  100.000   1.448     68.920    100.088     691.45   141.98
randomInjection equal           one              1000   100000 0.001000    5   10  0.00   -1  13845     158.43  100.000   1.584     68.840    100.486     632.03   144.48
randomInjection equal           one              1000   100000 0.001000    5   10  0.10   -1  13945     143.47  100.000   1.435     68.830    100.450     697.97   138.51
randomInjection equal           one              1000   100000 0.001000    5   10  0.25   -1  14045     136.37  100.000   1.364     69.640     99.806     734.12   135.17
randomInjection equal           one              1000   100000 0.010000    5    5  0.00   -1  14145     164.13  100.000   1.641     69.060    100.488     610.49   144.65
randomInjection equal           one              1000   100000 0.010000    5    5  0.10   -1  14245     152.11  100.000   1.521     68.690    100.945     658.42   141.37
randomInjection equal           one              1000   100000 0.010000    5    5  0.25   -1  14345     150.96  100.000   1.510     68.750    100.657     663.78   144.74
randomInjection equal           one              1000   100000 0.010000    5   10  0.00   -1  14445     164.78  100.000   1.648     69.240    100.396     608.11   143.71
randomInjection equal           one              1000   100000 0.010000    5   10  0.10   -1  14545     150.94  100.000   1.509     68.930    100.867     663.67   140.71
randomInjection equal           one              1000   100000 0.010000    5   10  0.25   -1  14645     144.38  100.000   1.444     69.320    100.321     693.64   139.85
randomInjection equal           perStrength      1000   100000 0.000000    5    5  0.00   -1  14745      45.70   20.000   2.285     69.250    100.423    2194.18   201.55
randomInjection equal           perStrength      1000   100000 0.000000    5    5  0.10   -1  14845      43.15   20.000   2.157     69.810     99.887    2323.25   195.90
randomInjection equal           perStrength      1000   100000 0.000000    5    5  0.25   -1  14945      40.96   20.000   2.048     69.320    100.329    2447.23   191.43
randomInjection equal           perStrength      1000   100000 0.000000    5   10  0.00   -1  15045      28.23   10.000   2.823     69.130    100.387    3554.07   247.81
randomInjection equal           perStrength      1000   100000 0.000000    5   10  0.10   -1  15145      26.78   10.000   2.678     68.990    100.430    3749.96   237.48
randomInjection equal           perStrength      1000   100000 0.000000    5   10  0.25   -1  15245      25.82   10.000   2.582     69.020    100.192    3892.22   234.45
randomInjection equal           perStrength      1000   100000 0.000100    5    5  0.00   -1  15345      45.97   20.000   2.298     69.240    100.408    2181.84   203.47
randomInjection equal           perStrength      1000   100000 0.000100    5    5  0.10   -1  15445      42.87   20.000   2.143     69.300    100.509    2338.24   194.91
randomInjection equal           perStrength      1000   100000 0.000100    5    5  0.25   -1  15545      40.74   20.000   2.037     69.110     99.965    2463.52   191.13
randomInjection equal           perStrength      1000   100000 0.000100    5   10  0.00   -1  15645      28.13   10.000   2.813     69.280    100.526    3570.98   243.25
randomInjection equal           perStrength      1000   100000 0.000100    5   10  0.10   -1  15745      26.77   10.000   2.677     69.070    100.338    3749.17   239.60
randomInjection equal           perStrength      1000   100000 0.000100    5   10  0.25   -1  15845      25.69   10.000   2.569     69.490     99.881    3909.88   231.57
randomInjection equal           perStrength      1000   100000 0.001000    5    5  0.00   -1  15945      45.65   20.000   2.282     69.150    100.201    2196.06   200.26
randomInjection equal           perStrength      1000   100000 0.001000    5    5  0.10   -1  16045      43.58   20.000   2.179     69.120    100.188    2301.14   197.01
randomInjection equal           perStrength      1000   100000 0.001000    5    5  0.25   -1  16145      40.54   20.000   2.027     69.500     99.633    2472.68   190.89
randomInjection equal           perStrength      1000   100000 0.001000    5   10  0.00   -1  16245      28.28   10.000   2.828     68.610    100.655    3551.04   248.25
randomInjection equal           perStrength      1000   100000 0.001000    5   10  0.10   -1  16345      27.29   10.000   2.729     68.920    100.820    3683.40   242.90
randomInjection equal           perStrength      1000   100000 0.001000    5   10  0.25   -1  16445      26.07   10.000   2.607     68.930    100.920    3853.05   236.12
randomInjection equal           perStrength      1000   100000 0.010000    5    5  0.00   -1  16545      46.58   20.000   2.329     69.040     99.964    2155.10   203.91
randomInjection equal           perStrength      1000   100000 0.010000    5    5  0.10   -1  16645      44.42   20.000   2.221     68.950    100.369    2259.93   195.98
randomInjection equal           perStrength      1000   100000 0.010000    5    5  0.25   -1  16745      40.98   20.000   2.049     69.370    100.033    2448.59   191.22
randomInjection equal           perStrength      1000   100000 0.010000    5   10  0.00   -1  16845      28.48   10.000   2.848     69.010    100.179    3526.25   247.08
randomInjection equal           perStrength      1000   100000 0.010000    5   10  0.10   -1  16945      27.52   10.000   2.752     69.000    100.251    3647.11   240.34
randomInjection equal           perStrength      1000   100000 0.010000    5   10  0.25   -1  17045      26.29   10.000   2.629     69.150    100.681    3823.21   237.56
randomInjection randomUniform   one              1000   100000 0.000000    5    5  0.00   -1  17145     159.03  100.000   1.590     68.920     99.799     629.55   146.44
randomInjection randomUniform   one              1000   100000 0.000000    5    5  0.10   -1  17245     151.47  100.000   1.515     69.170    100.201     660.92   144.54
randomInjection randomUniform   one              1000   100000 0.000000    5    5  0.25   -1  17345     152.71  100.000   1.527     69.080    100.589     656.19   148.51
randomInjection randomUniform   one              1000   100000 0.000000    5   10  0.00   -1  17445     158.27  100.000   1.583     68.810    100.412     632.73   144.62
randomInjection randomUniform   one              1000   100000 0.000000    5   10  0.10   -1  17545     147.83  100.000   1.478     68.950    100.329     677.57   141.73
randomInjection randomUniform   one              1000   100000 0.000000    5   10  0.25   -1  17645     144.04  100.000   1.440     68.960    100.772     694.90   142.19
randomInjection randomUniform   one              1000   100000 0.000100    5    5  0.00   -1  17745     159.53  100.000   1.595     69.180    100.165     627.64   146.42
randomInjection randomUniform   one              1000   100000 0.000100    5    5  0.10   -1  17845     153.02  100.000   1.530     69.080    100.525     654.59   144.69
randomInjection randomUniform   one              1000   100000 0.000100    5    5  0.25   -1  17945     151.49  100.000   1.515     69.330    100.612     660.91   147.35
randomInjection randomUniform   one              1000   100000 0.000100    5   10  0.00   -1  18045     156.94  100.000   1.569     69.070    100.210     637.97   144.44
randomInjection randomUniform   one              1000   100000 0.000100    5   10  0.10   -1  18145     147.26  100.000   1.473     68.940    100.843     679.85   140.59
randomInjection randomUniform   one              1000   100000 0.000100    5   10  0.25   -1  18245     144.34  100.000   1.443     69.090     99.959     693.56   142.22
randomInjection randomUniform   one              1000   100000 0.001000    5    5  0.00   -1  18345     160.49  100.000   1.605     68.820    100.797     624.09   146.44
randomInjection randomUniform   one              1000   100000 0.001000    5    5  0.10   -1  18445     154.53  100.000   1.545     69.520    100.225     648.39   146.23
randomInjection randomUniform   one              1000   100000 0.001000    5    5  0.25   -1  18545     152.78  100.000   1.528     69.360    100.434     655.41   148.84
randomInjection randomUniform   one              1000   100000 0.001000    5   10  0.00   -1  18645     158.71  100.000   1.587     69.000    100.562     630.98   145.70
randomInjection randomUniform   one              1000   100000 0.001000    5   10  0.10   -1  18745     149.32  100.000   1.493     69.170    100.308     670.56   141.86
randomInjection randomUniform   one              1000   100000 0.001000    5   10  0.25   -1  18845     145.77  100.000   1.458     69.020    100.717     686.91   143.79
randomInjection randomUniform   one              1000   100000 0.010000    5    5  0.00   -1  18945     165.79  100.000   1.658     69.160    100.058     604.37   145.19
randomInjection randomUniform   one              1000   100000 0.010000    5    5  0.10   -1  19045     160.24  100.000   1.602     69.140    100.323     625.47   145.73
randomInjection randomUniform   one              1000   100000 0.010000    5    5  0.25   -1  19145     156.45  100.000   1.564     68.860    100.499     640.38   147.78
randomInjection randomUniform   one              1000   100000 0.010000    5   10  0.00   -1  19245     165.13  100.000   1.651     68.860    100.735     606.80   145.01
randomInjection randomUniform   one              1000   100000 0.010000    5   10  0.10   -1  19345     154.76  100.000   1.548     68.980    100.539     647.36   143.02
randomInjection randomUniform   one              1000   100000 0.010000    5   10  0.25   -1  19445     151.09  100.000   1.511     69.390     99.905     663.10   146.51
randomInjection randomUniform   perStrength      1000   100000 0.000000    5    5  0.00   -1  19545      88.39   33.395   2.647     69.260    100.032    1136.54   245.85
randomInjection randomUniform   perStrength      1000   100000 0.000000    5    5  0.10   -1  19645      85.74   33.351   2.571     69.310     99.923    1172.25   242.76
randomInjection randomUniform   perStrength      1000   100000 0.000000    5    5  0.25   -1  19745      87.94   33.330   2.638     69.570    100.383    1142.87   240.34
randomInjection randomUniform   perStrength      1000   100000 0.000000    5   10  0.00   -1  19845      70.93   18.211   3.895     68.900    100.600    1420.36   289.49
randomInjection randomUniform   perStrength      1000   100000 0.000000    5   10  0.10   -1  19945      71.75   18.199   3.943     68.790    100.720    1406.38   275.79
randomInjection randomUniform   perStrength      1000   100000 0.000000    5   10  0.25   -1  20045      71.96   18.229   3.948     68.990    100.705    1400.58   273.13
randomInjection randomUniform   perStrength      1000   100000 0.000100    5    5  0.00   -1  20145      88.76   33.338   2.662     69.030    100.254    1132.35   247.74
randomInjection randomUniform   perStrength      1000   100000 0.000100    5    5  0.10   -1  20245      87.61   33.338   2.628     69.030    100.557    1146.52   243.57
randomInjection randomUniform   perStrength      1000   100000 0.000100    5    5  0.25   -1  20345      87.35   33.383   2.617     69.030    100.705    1151.44   241.32
randomInjection randomUniform   perStrength      1000   100000 0.000100    5   10  0.00   -1  20445      72.08   18.153   3.971     69.190    100.461    1399.21   284.64
randomInjection randomUniform   perStrength      1000   100000 0.000100    5   10  0.10   -1  20545      70.60   18.190   3.881     69.360    100.091    1429.52   280.15
randomInjection randomUniform   perStrength      1000   100000 0.000100    5   10  0.25   -1  20645      73.76   18.204   4.052     69.190    100.012    1365.81   272.21
randomInjection randomUniform   perStrength      1000   100000 0.001000    5    5  0.00   -1  20745      89.18   33.246   2.682     69.290    100.098    1125.72   247.12
randomInjection randomUniform   perStrength      1000   100000 0.001000    5    5  0.10   -1  20845      87.10   33.353   2.611     69.120    100.810    1153.95   242.49
randomInjection randomUniform   perStrength      1000   100000 0.001000    5    5  0.25   -1  20945      88.55   33.398   2.651     69.330    100.284    1136.13   244.27
randomInjection randomUniform   perStrength      1000   100000 0.001000    5   10  0.00   -1  21045      71.25   18.235   3.907     69.230     99.955    1415.01   283.47
randomInjection randomUniform   perStrength      1000   100000 0.001000    5   10  0.10   -1  21145      70.98   18.220   3.896     68.890    100.841    1421.10   279.65
randomInjection randomUniform   perStrength      1000   100000 0.001000    5   10  0.25   -1  21245      72.02   18.209   3.955     69.110    100.185    1399.69   270.18
randomInjection randomUniform   perStrength      1000   100000 0.010000    5    5  0.00   -1  21345      87.95   33.343   2.638     69.140    100.351    1143.48   241.27
randomInjection randomUniform   perStrength      1000   100000 0.010000    5    5  0.10   -1  21445      86.33   33.357   2.588     68.970    100.295    1166.13   238.21
randomInjection randomUniform   perStrength      1000   100000 0.010000    5    5  0.25   -1  21545      86.51   33.311   2.597     68.980    100.503    1162.28   235.92
randomInjection randomUniform   perStrength      1000   100000 0.010000    5   10  0.00   -1  21645      70.40   18.200   3.868     68.930    100.085    1431.55   273.63
randomInjection randomUniform   perStrength      1000   100000 0.010000    5   10  0.10   -1  21745      70.76   18.167   3.895     69.150    100.292    1430.04   267.74
randomInjection randomUniform   perStrength      1000   100000 0.010000    5   10  0.25   -1  21845      70.46   18.202   3.871     68.920    100.365    1430.42   264.89.5
