churn           equal           one              1000   100000 0.000000   -1   -1 -1.00   -1  12345     747.57  100.000   7.476     69.410    100.305     137.27   747.57
churn           equal           one              1000   500000 0.000000   -1   -1 -1.00   -1  12445    3668.94  500.000   7.338    346.570    499.169     139.58  3668.94
churn           equal           one              1000  1000000 0.000000   -1   -1 -1.00   -1  12545    7463.70 1000.000   7.464    692.300    996.982     136.83  7463.70

churn           equal           one              5000   100000 0.000000   -1   -1 -1.00   -1  12645     186.33   20.000   9.317     13.810     20.477     544.95   186.33
churn           equal           one              5000   500000 0.000000   -1   -1 -1.00   -1  12745     906.50  100.000   9.065     69.280    100.344     560.42   906.50
churn           equal           one              5000  1000000 0.000000   -1   -1 -1.00   -1  12845    1842.49  200.000   9.212    138.360    200.564     554.07  1842.49

churn           equal           one             10000   100000 0.000000   -1   -1 -1.00   -1  12945     101.89   10.000  10.189      7.000     10.492     997.94   101.89
churn           equal           one             10000   500000 0.000000   -1   -1 -1.00   -1  13045     485.96   50.000   9.719     34.550     50.366    1040.99   485.96
churn           equal           one             10000  1000000 0.000000   -1   -1 -1.00   -1  13145     970.96  100.000   9.710     69.180    100.319    1044.55   970.96
