churn           equal           one              1000   100000 0.000000   -1    1 -1.00   -1  12345     747.57  100.000   7.476     69.410    100.305     137.27   747.57
churn           equal           one              1000   100000 0.000100   -1    1 -1.00   -1  12445     712.15  100.000   7.122     69.000    100.280     143.44   692.37
churn           equal           one              1000   100000 0.001000   -1    1 -1.00   -1  12545     604.69  100.000   6.047     69.080    100.198     168.62   534.75
churn           equal           one              1000   100000 0.010000   -1    1 -1.00   -1  12645     372.06  100.000   3.721     69.000    100.231     270.81   247.86
churn           equal           perStrength      1000   100000 0.000000   -1    1 -1.00   -1  12745     766.79  100.000   7.668     68.980    100.552     133.99   766.79
churn           equal           perStrength      1000   100000 0.000100   -1    1 -1.00   -1  12845     723.10  100.000   7.231     69.020    100.482     142.82   703.74
churn           equal           perStrength      1000   100000 0.001000   -1    1 -1.00   -1  12945     597.14  100.000   5.971     69.360    100.222     169.83   520.47
churn           equal           perStrength      1000   100000 0.010000   -1    1 -1.00   -1  13045     374.75  100.000   3.748     69.180    100.473     268.58   243.95
churn           randomUniform   one              1000   100000 0.000000   -1    1 -1.00   -1  13145     755.41  100.000   7.554     68.610    100.873     135.59   755.41
churn           randomUniform   one              1000   100000 0.000100   -1    1 -1.00   -1  13245     717.82  100.000   7.178     68.520    100.768     142.12   711.33
churn           randomUniform   one              1000   100000 0.001000   -1    1 -1.00   -1  13345     599.75  100.000   5.997     68.700    100.800     169.86   536.16
churn           randomUniform   one              1000   100000 0.010000   -1    1 -1.00   -1  13445     372.62  100.000   3.726     69.500    100.154     270.93   235.90
churn           randomUniform   perStrength      1000   100000 0.000000   -1    1 -1.00   -1  13545     763.10  100.000   7.631     69.180    100.301     135.12   763.10
churn           randomUniform   perStrength      1000   100000 0.000100   -1    1 -1.00   -1  13645     737.19  100.000   7.372     68.650    100.812     138.82   719.53
churn           randomUniform   perStrength      1000   100000 0.001000   -1    1 -1.00   -1  13745     585.70  100.000   5.857     69.040    100.064     173.06   528.11
churn           randomUniform   perStrength      1000   100000 0.010000   -1    1 -1.00   -1  13845     376.36  100.000   3.764     68.960    100.577     267.68   238.33
