churn           equal           one                10     1000 0.000000   -1    1 -1.00   -1  12345     309.73  100.000   3.097     62.690     90.602       3.45   309.73
churn           equal           one                10     1000 0.000100   -1    1 -1.00   -1  12445     297.54  100.000   2.975     65.530     88.709       3.63   295.88
churn           equal           one                10     1000 0.001000   -1    1 -1.00   -1  12545     273.87  100.000   2.739     63.690     87.692       3.84   251.53
churn           equal           one                10     1000 0.010000   -1    1 -1.00   -1  12645     214.61  100.000   2.146     66.740     87.306       4.83   124.10
churn           equal           perStrength        10     1000 0.000000   -1    1 -1.00   -1  12745     294.27  100.000   2.943     61.960     89.480       3.61   294.27
churn           equal           perStrength        10     1000 0.000100   -1    1 -1.00   -1  12845     292.16  100.000   2.922     64.490     87.526       3.63   290.18
churn           equal           perStrength        10     1000 0.001000   -1    1 -1.00   -1  12945     276.10  100.000   2.761     62.080     89.909       3.84   253.56
churn           equal           perStrength        10     1000 0.010000   -1    1 -1.00   -1  13045     218.95  100.000   2.189     64.130     88.330       4.71   121.97
churn           randomUniform   one                10     1000 0.000000   -1    1 -1.00   -1  13145     297.36  100.000   2.974     63.180     90.280       3.55   297.36
churn           randomUniform   one                10     1000 0.000100   -1    1 -1.00   -1  13245     283.44  100.000   2.834     67.030     84.456       3.74   278.42
churn           randomUniform   one                10     1000 0.001000   -1    1 -1.00   -1  13345     282.61  100.000   2.826     61.880     93.318       3.76   249.82
churn           randomUniform   one                10     1000 0.010000   -1    1 -1.00   -1  13445     219.35  100.000   2.193     63.240     90.849       4.70   122.88
churn           randomUniform   perStrength        10     1000 0.000000   -1    1 -1.00   -1  13545     287.50  100.000   2.875     63.530     87.084       3.66   287.50
churn           randomUniform   perStrength        10     1000 0.000100   -1    1 -1.00   -1  13645     283.34  100.000   2.833     68.560     84.299       3.78   279.04
churn           randomUniform   perStrength        10     1000 0.001000   -1    1 -1.00   -1  13745     281.42  100.000   2.814     59.840     91.550       3.71   262.43
churn           randomUniform   perStrength        10     1000 0.010000   -1    1 -1.00   -1  13845     231.10  100.000   2.311     61.950     90.025       4.48   117.78
