neighbors       equal           one              1000  1000000 0.000000    5    5  0.00    5  12345    4604.58 1000.000   4.605    695.380    998.523     225.48  4601.86
neighbors       equal           one              1000  1000000 0.000000    5    5  0.00   10  12445    4308.44 1000.000   4.308    692.310    997.831     243.33  4305.99
neighbors       equal           one              1000  1000000 0.000000    5    5  0.10    5  12545    4694.11 1000.000   4.694    692.300    996.982     219.67  4694.11
neighbors       equal           one              1000  1000000 0.000000    5    5  0.10   10  12645    3992.73 1000.000   3.993    692.910    997.894     260.15  3992.73
neighbors       equal           one              1000  1000000 0.000000    5    5  0.25    5  12745    4471.52 1000.000   4.472    692.490   1001.378     233.25  4471.52
neighbors       equal           one              1000  1000000 0.000000    5    5  0.25   10  12845    3911.64 1000.000   3.912    692.130   1000.379     264.72  3911.64
neighbors       equal           one              1000  1000000 0.000000    5   10  0.00    5  12945    4605.41 1000.000   4.605    694.330    998.253     221.61  4602.79
neighbors       equal           one              1000  1000000 0.000000    5   10  0.00   10  13045    4448.70 1000.000   4.449    694.550    999.896     235.31  4445.87
neighbors       equal           one              1000  1000000 0.000000    5   10  0.10    5  13145    4950.96 1000.000   4.951    687.720   1004.032     212.09  4950.87
neighbors       equal           one              1000  1000000 0.000000    5   10  0.10   10  13245    4384.05 1000.000   4.384    686.690   1002.944     239.16  4384.05
neighbors       equal           one              1000  1000000 0.000000    5   10  0.25    5  13345    4667.35 1000.000   4.667    686.750   1003.411     223.16  4666.59
neighbors       equal           one              1000  1000000 0.000000    5   10  0.25   10  13445    3663.11 1000.000   3.663    696.690    997.339     281.34  3663.11
neighbors       equal           one              1000  1000000 0.000100    5    5  0.00    5  13545    3864.96 1000.000   3.865    693.170    998.219     264.61  3700.70
neighbors       equal           one              1000  1000000 0.000100    5    5  0.00   10  13645    3452.53 1000.000   3.453    689.330   1004.122     297.17  3352.80
neighbors       equal           one              1000  1000000 0.000100    5    5  0.10    5  13745    3682.30 1000.000   3.682    691.120    996.654     277.09  3566.36
neighbors       equal           one              1000  1000000 0.000100    5    5  0.10   10  13845    3431.17 1000.000   3.431    691.890   1000.225     299.80  3336.34
neighbors       equal           one              1000  1000000 0.000100    5    5  0.25    5  13945    3655.92 1000.000   3.656    691.140   1000.141     279.20  3506.05
neighbors       equal           one              1000  1000000 0.000100    5    5  0.25   10  14045    3304.01 1000.000   3.304    696.250    993.510     310.18  3173.67
neighbors       equal           one              1000  1000000 0.000100    5   10  0.00    5  14145    3950.00 1000.000   3.950    690.850   1000.276     259.24  3787.97
neighbors       equal           one              1000  1000000 0.000100    5   10  0.00   10  14245    3423.59 1000.000   3.424    689.130   1004.890     297.83  3336.64
neighbors       equal           one              1000  1000000 0.000100    5   10  0.10    5  14345    3717.23 1000.000   3.717    689.550   1001.602     274.33  3575.49
neighbors       equal           one              1000  1000000 0.000100    5   10  0.10   10  14445    3457.34 1000.000   3.457    693.770    999.364     295.71  3318.86
neighbors       equal           one              1000  1000000 0.000100    5   10  0.25    5  14545    3714.89 1000.000   3.715    691.240   1004.366     275.76  3550.08
neighbors       equal           one              1000  1000000 0.000100    5   10  0.25   10  14645    3461.17 1000.000   3.461    692.980    998.536     298.46  3313.20
neighbors       equal           one              1000  1000000 0.001000    5    5  0.00    5  14745    2349.40 1000.000   2.349    693.430    999.435     428.80  1974.76
neighbors       equal           one              1000  1000000 0.001000    5    5  0.00   10  14845    2157.43 1000.000   2.157    697.720    994.679     466.93  1859.59
neighbors       equal           one              1000  1000000 0.001000    5    5  0.10    5  14945    2348.85 1000.000   2.349    693.890    999.014     428.17  1921.87
neighbors       equal           one              1000  1000000 0.001000    5    5  0.10   10  15045    2175.60 1000.000   2.176    690.140    998.670     463.62  1852.26
neighbors       equal           one              1000  1000000 0.001000    5    5  0.25    5  15145    2381.69 1000.000   2.382    691.150    999.397     422.52  1972.27
neighbors       equal           one              1000  1000000 0.001000    5    5  0.25   10  15245    2179.04 1000.000   2.179    692.510    996.879     462.34  1842.46
neighbors       equal           one              1000  1000000 0.001000    5   10  0.00    5  15345    2344.45 1000.000   2.344    693.290   1000.264     429.17  1937.49
neighbors       equal           one              1000  1000000 0.001000    5   10  0.00   10  15445    2157.27 1000.000   2.157    696.310   1000.464     467.37  1850.67
neighbors       equal           one              1000  1000000 0.001000    5   10  0.10    5  15545    2392.96 1000.000   2.393    692.790    995.399     420.89  1959.32
neighbors       equal           one              1000  1000000 0.001000    5   10  0.10   10  15645    2221.80 1000.000   2.222    693.600   1000.710     453.66  1903.26
neighbors       equal           one              1000  1000000 0.001000    5   10  0.25    5  15745    2443.49 1000.000   2.443    691.880    999.052     414.14  1990.60
neighbors       equal           one              1000  1000000 0.001000    5   10  0.25   10  15845    2207.74 1000.000   2.208    693.680    994.459     454.87  1897.99
neighbors       equal           one              1000  1000000 0.010000    5    5  0.00    5  15945    1511.38 1000.000   1.511    691.050    997.687     662.62   341.23
neighbors       equal           one              1000  1000000 0.010000    5    5  0.00   10  16045    1395.56 1000.000   1.396    693.520    997.216     717.34   430.57
neighbors       equal           one              1000  1000000 0.010000    5    5  0.10    5  16145    1525.38 1000.000   1.525    698.440    991.462     656.37   347.87
neighbors       equal           one              1000  1000000 0.010000    5    5  0.10   10  16245    1433.11 1000.000   1.433    686.980   1002.570     698.82   438.07
neighbors       equal           one              1000  1000000 0.010000    5    5  0.25    5  16345    1538.11 1000.000   1.538    689.840   1003.306     651.12   354.08
neighbors       equal           one              1000  1000000 0.010000    5    5  0.25   10  16445    1464.51 1000.000   1.465    690.710   1004.947     683.54   402.60
neighbors       equal           one              1000  1000000 0.010000    5   10  0.00    5  16545    1516.27 1000.000   1.516    692.460    995.581     660.82   358.57
neighbors       equal           one              1000  1000000 0.010000    5   10  0.00   10  16645    1408.02 1000.000   1.408    692.430    999.268     711.63   436.21
neighbors       equal           one              1000  1000000 0.010000    5   10  0.10    5  16745    1536.39 1000.000   1.536    692.980    996.863     652.15   336.04
neighbors       equal           one              1000  1000000 0.010000    5   10  0.10   10  16845    1440.18 1000.000   1.440    690.900    997.653     695.14   420.85
neighbors       equal           one              1000  1000000 0.010000    5   10  0.25    5  16945    1547.12 1000.000   1.547    691.950    997.814     647.14   381.22
neighbors       equal           one              1000  1000000 0.010000    5   10  0.25   10  17045    1475.13 1000.000   1.475    690.510   1002.657     678.66   399.43
neighbors       equal           perStrength      1000  1000000 0.000000    5    5  0.00    5  17145     935.94  200.000   4.680    691.660    993.002    1100.75  4662.41
neighbors       equal           perStrength      1000  1000000 0.000000    5    5  0.00   10  17245     876.90  200.000   4.385    692.490    996.364    1193.53  4366.89
neighbors       equal           perStrength      1000  1000000 0.000000    5    5  0.10    5  17345     956.43  200.000   4.782    690.010   1001.625    1098.17  4779.93
neighbors       equal           perStrength      1000  1000000 0.000000    5    5  0.10   10  17445     830.63  200.000   4.153    689.830    999.384    1260.34  4151.13
neighbors       equal           perStrength      1000  1000000 0.000000    5    5  0.25    5  17545     950.86  200.000   4.754    690.870    998.492    1097.58  4752.47
neighbors       equal           perStrength      1000  1000000 0.000000    5    5  0.25   10  17645     795.27  200.000   3.976    690.710   1002.931    1304.69  3974.24
neighbors       equal           perStrength      1000  1000000 0.000000    5   10  0.00    5  17745     471.73  100.000   4.717    693.760    996.302    2202.65  4681.65
neighbors       equal           perStrength      1000  1000000 0.000000    5   10  0.00   10  17845     416.43  100.000   4.164    692.620   1000.860    2503.69  4128.67
neighbors       equal           perStrength      1000  1000000 0.000000    5   10  0.10    5  17945     471.84  100.000   4.718    693.340   1001.171    2208.35  4714.18
neighbors       equal           perStrength      1000  1000000 0.000000    5   10  0.10   10  18045     421.06  100.000   4.211    689.800    997.999    2490.06  4206.44
neighbors       equal           perStrength      1000  1000000 0.000000    5   10  0.25    5  18145     472.09  100.000   4.721    690.540   1003.622    2209.96  4716.21
neighbors       equal           perStrength      1000  1000000 0.000000    5   10  0.25   10  18245     402.02  100.000   4.020    693.540    994.698    2629.85  4015.14
neighbors       equal           perStrength      1000  1000000 0.000100    5    5  0.00    5  18345     885.66  200.000   4.428    689.110   1003.351    1169.79  4392.75
neighbors       equal           perStrength      1000  1000000 0.000100    5    5  0.00   10  18445     804.62  200.000   4.023    693.810    998.494    1300.98  3978.54
neighbors       equal           perStrength      1000  1000000 0.000100    5    5  0.10    5  18545     905.50  200.000   4.527    694.450   1000.221    1141.10  4495.36
neighbors       equal           perStrength      1000  1000000 0.000100    5    5  0.10   10  18645     816.16  200.000   4.081    690.100   1001.044    1278.65  4060.39
neighbors       equal           perStrength      1000  1000000 0.000100    5    5  0.25    5  18745     861.80  200.000   4.309    693.950    999.277    1194.40  4280.45
neighbors       equal           perStrength      1000  1000000 0.000100    5    5  0.25   10  18845     760.49  200.000   3.802    691.220   1002.966    1386.98  3755.85
neighbors       equal           perStrength      1000  1000000 0.000100    5   10  0.00    5  18945     473.57  100.000   4.736    693.010    996.180    2199.60  4698.36
neighbors       equal           perStrength      1000  1000000 0.000100    5   10  0.00   10  19045     403.50  100.000   4.035    693.530    998.577    2556.70  3966.88
neighbors       equal           perStrength      1000  1000000 0.000100    5   10  0.10    5  19145     462.03  100.000   4.620    689.020   1000.619    2256.34  4600.25
neighbors       equal           perStrength      1000  1000000 0.000100    5   10  0.10   10  19245     406.50  100.000   4.065    689.720   1002.929    2561.74  4047.87
neighbors       equal           perStrength      1000  1000000 0.000100    5   10  0.25    5  19345     444.04  100.000   4.440    690.120   1000.813    2338.85  4376.20
neighbors       equal           perStrength      1000  1000000 0.000100    5   10  0.25   10  19445     386.46  100.000   3.865    693.890    994.811    2695.92  3800.20
neighbors       equal           perStrength      1000  1000000 0.001000    5    5  0.00    5  19545     668.51  200.000   3.343    693.970    995.996    1521.23  3127.27
neighbors       equal           perStrength      1000  1000000 0.001000    5    5  0.00   10  19645     614.65  200.000   3.073    694.620    995.203    1662.46  2897.79
neighbors       equal           perStrength      1000  1000000 0.001000    5    5  0.10    5  19745     665.96  200.000   3.330    695.160    998.658    1527.25  3150.48
neighbors       equal           perStrength      1000  1000000 0.001000    5    5  0.10   10  19845     605.55  200.000   3.028    692.150   1001.708    1682.10  2868.66
neighbors       equal           perStrength      1000  1000000 0.001000    5    5  0.25    5  19945     670.38  200.000   3.352    687.700   1002.144    1516.34  3085.09
neighbors       equal           perStrength      1000  1000000 0.001000    5    5  0.25   10  20045     596.97  200.000   2.985    690.730   1002.166    1719.65  2827.17
neighbors       equal           perStrength      1000  1000000 0.001000    5   10  0.00    5  20145     395.41  100.000   3.954    692.560    998.161    2584.15  3720.05
neighbors       equal           perStrength      1000  1000000 0.001000    5   10  0.00   10  20245     347.78  100.000   3.478    691.490   1001.203    2963.68  3367.43
neighbors       equal           perStrength      1000  1000000 0.001000    5   10  0.10    5  20345     377.37  100.000   3.774    691.670   1002.840    2713.04  3670.94
neighbors       equal           perStrength      1000  1000000 0.001000    5   10  0.10   10  20445     330.53  100.000   3.305    692.910   1000.178    3097.94  3182.60
neighbors       equal           perStrength      1000  1000000 0.001000    5   10  0.25    5  20545     364.33  100.000   3.643    695.460    996.551    2801.29  3481.69
neighbors       equal           perStrength      1000  1000000 0.001000    5   10  0.25   10  20645     331.03  100.000   3.310    694.570    996.332    3117.07  3165.75
neighbors       equal           perStrength      1000  1000000 0.010000    5    5  0.00    5  20745     418.58  200.000   2.093    692.220    996.357    2400.99  1527.06
neighbors       equal           perStrength      1000  1000000 0.010000    5    5  0.00   10  20845     384.86  200.000   1.924    692.410   1002.796    2613.06  1470.24
neighbors       equal           perStrength      1000  1000000 0.010000    5    5  0.10    5  20945     415.10  200.000   2.075    695.320    999.045    2419.69  1512.78
neighbors       equal           perStrength      1000  1000000 0.010000    5    5  0.10   10  21045     381.14  200.000   1.906    692.320    995.113    2637.16  1480.52
neighbors       equal           perStrength      1000  1000000 0.010000    5    5  0.25    5  21145     414.77  200.000   2.074    687.730   1003.127    2418.09  1539.82
neighbors       equal           perStrength      1000  1000000 0.010000    5    5  0.25   10  21245     385.45  200.000   1.927    692.710    997.341    2607.30  1530.87
neighbors       equal           perStrength      1000  1000000 0.010000    5   10  0.00    5  21345     242.66  100.000   2.427    693.480    998.645    4142.30  1973.09
neighbors       equal           perStrength      1000  1000000 0.010000    5   10  0.00   10  21445     218.35  100.000   2.183    692.190    999.034    4609.88  1861.99
neighbors       equal           perStrength      1000  1000000 0.010000    5   10  0.10    5  21545     236.40  100.000   2.364    693.180    999.292    4251.01  1985.42
neighbors       equal           perStrength      1000  1000000 0.010000    5   10  0.10   10  21645     221.48  100.000   2.215    690.640    997.060    4555.62  1891.54
neighbors       equal           perStrength      1000  1000000 0.010000    5   10  0.25    5  21745     244.25  100.000   2.442    692.480    998.322    4120.59  2008.08
neighbors       equal           perStrength      1000  1000000 0.010000    5   10  0.25   10  21845     224.06  100.000   2.241    690.730    999.529    4494.45  1939.28
neighbors       randomUniform   one              1000  1000000 0.000000    5    5  0.00    5  21945    4642.89 1000.000   4.643    692.400    995.213     221.62  4640.21
neighbors       randomUniform   one              1000  1000000 0.000000    5    5  0.00   10  22045    4462.57 1000.000   4.463    694.780    998.500     235.90  4459.49
neighbors       randomUniform   one              1000  1000000 0.000000    5    5  0.10    5  22145    4719.02 1000.000   4.719    689.730   1001.624     220.91  4718.65
neighbors       randomUniform   one              1000  1000000 0.000000    5    5  0.10   10  22245    4368.72 1000.000   4.369    689.480   1001.814     240.85  4368.66
neighbors       randomUniform   one              1000  1000000 0.000000    5    5  0.25    5  22345    4487.72 1000.000   4.488    691.110   1000.087     230.39  4487.18
neighbors       randomUniform   one              1000  1000000 0.000000    5    5  0.25   10  22445    3883.04 1000.000   3.883    689.270   1002.337     269.75  3882.65
neighbors       randomUniform   one              1000  1000000 0.000000    5   10  0.00    5  22545    4801.23 1000.000   4.801    690.410    998.723     216.94  4798.24
neighbors       randomUniform   one              1000  1000000 0.000000    5   10  0.00   10  22645    4320.59 1000.000   4.321    689.720   1003.551     241.97  4317.90
neighbors       randomUniform   one              1000  1000000 0.000000    5   10  0.10    5  22745    4736.46 1000.000   4.736    692.520    999.090     219.24  4736.21
neighbors       randomUniform   one              1000  1000000 0.000000    5   10  0.10   10  22845    4058.10 1000.000   4.058    693.620    994.549     254.96  4057.98
neighbors       randomUniform   one              1000  1000000 0.000000    5   10  0.25    5  22945    4557.95 1000.000   4.558    692.650    993.498     228.44  4557.85
neighbors       randomUniform   one              1000  1000000 0.000000    5   10  0.25   10  23045    3924.98 1000.000   3.925    691.580    999.803     271.90  3924.75
neighbors       randomUniform   one              1000  1000000 0.000100    5    5  0.00    5  23145    3797.65 1000.000   3.798    687.830   1008.782     268.22  3657.22
neighbors       randomUniform   one              1000  1000000 0.000100    5    5  0.00   10  23245    3352.75 1000.000   3.353    694.420    999.893     305.12  3250.65
neighbors       randomUniform   one              1000  1000000 0.000100    5    5  0.10    5  23345    3794.00 1000.000   3.794    692.080    999.067     271.80  3667.28
neighbors       randomUniform   one              1000  1000000 0.000100    5    5  0.10   10  23445    3320.51 1000.000   3.321    689.750    996.485     309.03  3201.43
neighbors       randomUniform   one              1000  1000000 0.000100    5    5  0.25    5  23545    3648.29 1000.000   3.648    694.290    998.319     278.43  3554.16
neighbors       randomUniform   one              1000  1000000 0.000100    5    5  0.25   10  23645    3293.63 1000.000   3.294    692.970    997.848     310.87  3154.69
neighbors       randomUniform   one              1000  1000000 0.000100    5   10  0.00    5  23745    3740.14 1000.000   3.740    693.820    995.365     272.13  3599.43
neighbors       randomUniform   one              1000  1000000 0.000100    5   10  0.00   10  23845    3326.94 1000.000   3.327    693.400    997.495     306.22  3234.81
neighbors       randomUniform   one              1000  1000000 0.000100    5   10  0.10    5  23945    3869.26 1000.000   3.869    691.530    999.655     263.68  3739.74
neighbors       randomUniform   one              1000  1000000 0.000100    5   10  0.10   10  24045    3372.10 1000.000   3.372    691.130    995.883     302.88  3250.36
neighbors       randomUniform   one              1000  1000000 0.000100    5   10  0.25    5  24145    3589.64 1000.000   3.590    693.850    995.641     283.84  3443.91
neighbors       randomUniform   one              1000  1000000 0.000100    5   10  0.25   10  24245    3402.13 1000.000   3.402    694.220    999.307     303.53  3304.72
neighbors       randomUniform   one              1000  1000000 0.001000    5    5  0.00    5  24345    2379.93 1000.000   2.380    693.890   1000.997     423.08  1936.76
neighbors       randomUniform   one              1000  1000000 0.001000    5    5  0.00   10  24445    2122.24 1000.000   2.122    690.080   1002.431     474.51  1877.73
neighbors       randomUniform   one              1000  1000000 0.001000    5    5  0.10    5  24545    2369.14 1000.000   2.369    691.810   1001.129     425.00  1945.25
neighbors       randomUniform   one              1000  1000000 0.001000    5    5  0.10   10  24645    2153.57 1000.000   2.154    689.610    998.878     468.00  1851.39
neighbors       randomUniform   one              1000  1000000 0.001000    5    5  0.25    5  24745    2380.34 1000.000   2.380    691.830   1002.736     423.53  1937.00
neighbors       randomUniform   one              1000  1000000 0.001000    5    5  0.25   10  24845    2161.41 1000.000   2.161    693.730    993.541     466.27  1842.11
neighbors       randomUniform   one              1000  1000000 0.001000    5   10  0.00    5  24945    2384.97 1000.000   2.385    694.620    997.071     422.48  1973.95
neighbors       randomUniform   one              1000  1000000 0.001000    5   10  0.00   10  25045    2149.02 1000.000   2.149    690.900    999.501     468.89  1872.00
neighbors       randomUniform   one              1000  1000000 0.001000    5   10  0.10    5  25145    2383.19 1000.000   2.383    695.690    997.193     422.85  1887.57
neighbors       randomUniform   one              1000  1000000 0.001000    5   10  0.10   10  25245    2190.70 1000.000   2.191    691.720   1000.917     460.08  1885.04
neighbors       randomUniform   one              1000  1000000 0.001000    5   10  0.25    5  25345    2392.07 1000.000   2.392    694.350    996.410     420.99  1954.52
neighbors       randomUniform   one              1000  1000000 0.001000    5   10  0.25   10  25445    2199.91 1000.000   2.200    691.200    998.256     457.89  1869.71
neighbors       randomUniform   one              1000  1000000 0.010000    5    5  0.00    5  25545    1497.88 1000.000   1.498    690.880   1001.150     668.49   369.28
neighbors       randomUniform   one              1000  1000000 0.010000    5    5  0.00   10  25645    1403.84 1000.000   1.404    690.850   1004.715     713.62   421.82
neighbors       randomUniform   one              1000  1000000 0.010000    5    5  0.10    5  25745    1518.07 1000.000   1.518    697.190    990.790     659.93   340.86
neighbors       randomUniform   one              1000  1000000 0.010000    5    5  0.10   10  25845    1422.84 1000.000   1.423    692.320    996.638     703.77   461.69
