neighbors       equal           one              1000   100000 0.000000    5    5  0.00    5  12345     461.22  100.000   4.612     69.410    100.305     223.30   458.98
neighbors       equal           one              1000   100000 0.000000    5    5  0.00   10  12445     419.66  100.000   4.197     69.000    100.280     248.33   417.27
neighbors       equal           one              1000   100000 0.000000    5    5  0.10    5  12545     469.96  100.000   4.700     69.080    100.198     221.75   469.96
neighbors       equal           one              1000   100000 0.000000    5    5  0.10   10  12645     426.63  100.000   4.266     69.000    100.231     244.05   426.60
neighbors       equal           one              1000   100000 0.000000    5    5  0.25    5  12745     456.62  100.000   4.566     68.980    100.552     228.54   456.57
neighbors       equal           one              1000   100000 0.000000    5    5  0.25   10  12845     403.15  100.000   4.031     69.020    100.482     259.24   403.10
neighbors       equal           one              1000   100000 0.000000    5   10  0.00    5  12945     459.39  100.000   4.594     69.360    100.222     223.77   457.14
neighbors       equal           one              1000   100000 0.000000    5   10  0.00   10  13045     420.89  100.000   4.209     69.180    100.473     246.88   417.84
neighbors       equal           one              1000   100000 0.000000    5   10  0.10    5  13145     477.86  100.000   4.779     68.580    100.845     218.54   477.86
neighbors       equal           one              1000   100000 0.000000    5   10  0.10   10  13245     423.19  100.000   4.232     68.600    100.758     247.22   423.17
neighbors       equal           one              1000   100000 0.000000    5   10  0.25    5  13345     449.28  100.000   4.493     68.620    100.754     230.33   449.28
neighbors       equal           one              1000   100000 0.000000    5   10  0.25   10  13445     389.33  100.000   3.893     69.350    100.175     270.16   389.33
neighbors       equal           one              1000   100000 0.000100    5    5  0.00    5  13545     453.73  100.000   4.537     69.250    100.267     226.81   449.19
neighbors       equal           one              1000   100000 0.000100    5    5  0.00   10  13645     419.22  100.000   4.192     68.840    100.854     248.69   409.41
neighbors       equal           one              1000   100000 0.000100    5    5  0.10    5  13745     445.30  100.000   4.453     68.920    100.088     231.66   444.30
neighbors       equal           one              1000   100000 0.000100    5    5  0.10   10  13845     422.82  100.000   4.228     68.840    100.486     250.75   421.09
neighbors       equal           one              1000   100000 0.000100    5    5  0.25    5  13945     449.20  100.000   4.492     68.830    100.450     228.02   446.92
neighbors       equal           one              1000   100000 0.000100    5    5  0.25   10  14045     375.35  100.000   3.754     69.640     99.806     275.43   374.00
neighbors       equal           one              1000   100000 0.000100    5   10  0.00    5  14145     454.35  100.000   4.543     69.060    100.488     227.93   450.58
neighbors       equal           one              1000   100000 0.000100    5   10  0.00   10  14245     400.96  100.000   4.010     68.690    100.945     258.05   398.24
neighbors       equal           one              1000   100000 0.000100    5   10  0.10    5  14345     462.77  100.000   4.628     68.750    100.657     224.26   462.09
neighbors       equal           one              1000   100000 0.000100    5   10  0.10   10  14445     389.05  100.000   3.891     69.240    100.396     264.15   386.40
neighbors       equal           one              1000   100000 0.000100    5   10  0.25    5  14545     451.96  100.000   4.520     68.930    100.867     231.01   448.29
neighbors       equal           one              1000   100000 0.000100    5   10  0.25   10  14645     398.48  100.000   3.985     69.320    100.321     264.26   392.95
neighbors       equal           one              1000   100000 0.001000    5    5  0.00    5  14745     390.03  100.000   3.900     69.250    100.423     262.06   371.10
neighbors       equal           one              1000   100000 0.001000    5    5  0.00   10  14845     344.01  100.000   3.440     69.810     99.887     297.52   331.75
neighbors       equal           one              1000   100000 0.001000    5    5  0.10    5  14945     376.53  100.000   3.765     69.320    100.329     270.03   361.42
neighbors       equal           one              1000   100000 0.001000    5    5  0.10   10  15045     336.82  100.000   3.368     69.130    100.387     304.05   325.32
neighbors       equal           one              1000   100000 0.001000    5    5  0.25    5  15145     370.79  100.000   3.708     68.990    100.430     275.44   355.82
neighbors       equal           one              1000   100000 0.001000    5    5  0.25   10  15245     321.74  100.000   3.217     69.020    100.192     317.15   311.65
neighbors       equal           one              1000   100000 0.001000    5   10  0.00    5  15345     391.32  100.000   3.913     69.240    100.408     261.40   371.77
neighbors       equal           one              1000   100000 0.001000    5   10  0.00   10  15445     342.57  100.000   3.426     69.300    100.509     300.42   331.55
neighbors       equal           one              1000   100000 0.001000    5   10  0.10    5  15545     378.85  100.000   3.789     69.110     99.965     268.97   366.75
neighbors       equal           one              1000   100000 0.001000    5   10  0.10   10  15645     350.64  100.000   3.506     69.280    100.526     293.38   341.59
neighbors       equal           one              1000   100000 0.001000    5   10  0.25    5  15745     385.95  100.000   3.859     69.070    100.338     264.51   371.57
neighbors       equal           one              1000   100000 0.001000    5   10  0.25   10  15845     334.13  100.000   3.341     69.490     99.881     310.99   319.01
neighbors       equal           one              1000   100000 0.010000    5    5  0.00    5  15945     243.93  100.000   2.439     69.150    100.201     412.83   199.86
neighbors       equal           one              1000   100000 0.010000    5    5  0.00   10  16045     214.76  100.000   2.148     69.120    100.188     468.12   184.73
neighbors       equal           one              1000   100000 0.010000    5    5  0.10    5  16145     244.46  100.000   2.445     69.500     99.633     411.81   199.34
neighbors       equal           one              1000   100000 0.010000    5    5  0.10   10  16245     219.02  100.000   2.190     68.610    100.655     459.73   193.23
neighbors       equal           one              1000   100000 0.010000    5    5  0.25    5  16345     242.69  100.000   2.427     68.920    100.820     414.62   204.01
neighbors       equal           one              1000   100000 0.010000    5    5  0.25   10  16445     221.12  100.000   2.211     68.930    100.920     455.68   188.60
neighbors       equal           one              1000   100000 0.010000    5   10  0.00    5  16545     240.58  100.000   2.406     69.040     99.964     417.99   193.97
neighbors       equal           one              1000   100000 0.010000    5   10  0.00   10  16645     224.12  100.000   2.241     68.950    100.369     450.13   184.37
neighbors       equal           one              1000   100000 0.010000    5   10  0.10    5  16745     245.22  100.000   2.452     69.370    100.033     410.72   201.81
neighbors       equal           one              1000   100000 0.010000    5   10  0.10   10  16845     219.95  100.000   2.200     69.010    100.179     458.20   185.07
neighbors       equal           one              1000   100000 0.010000    5   10  0.25    5  16945     244.32  100.000   2.443     69.000    100.251     411.77   196.86
neighbors       equal           one              1000   100000 0.010000    5   10  0.25   10  17045     221.23  100.000   2.212     69.150    100.681     454.52   192.34
neighbors       equal           perStrength      1000   100000 0.000000    5    5  0.00    5  17145      89.76   20.000   4.488     69.110     99.750    1156.26   433.93
neighbors       equal           perStrength      1000   100000 0.000000    5    5  0.00   10  17245      79.70   20.000   3.985     69.100    100.074    1304.22   383.20
neighbors       equal           perStrength      1000   100000 0.000000    5    5  0.10    5  17345      94.41   20.000   4.720     68.950    100.608    1102.57   464.54
neighbors       equal           perStrength      1000   100000 0.000000    5    5  0.10   10  17445      78.50   20.000   3.925     68.910    100.367    1319.89   384.15
neighbors       equal           perStrength      1000   100000 0.000000    5    5  0.25    5  17545      92.63   20.000   4.631     68.940    100.277    1116.65   460.70
neighbors       equal           perStrength      1000   100000 0.000000    5    5  0.25   10  17645      77.94   20.000   3.897     69.120    100.721    1347.39   387.20
neighbors       equal           perStrength      1000   100000 0.000000    5   10  0.00    5  17745      45.82   10.000   4.582     69.360    100.148    2231.30   424.13
neighbors       equal           perStrength      1000   100000 0.000000    5   10  0.00   10  17845      38.71   10.000   3.871     69.120    100.493    2692.03   356.02
neighbors       equal           perStrength      1000   100000 0.000000    5   10  0.10    5  17945      47.14   10.000   4.714     69.250    100.589    2208.46   452.17
neighbors       equal           perStrength      1000   100000 0.000000    5   10  0.10   10  18045      40.85   10.000   4.085     68.990    100.152    2557.50   390.95
neighbors       equal           perStrength      1000   100000 0.000000    5   10  0.25    5  18145      47.48   10.000   4.748     68.970    100.831    2178.03   464.07
neighbors       equal           perStrength      1000   100000 0.000000    5   10  0.25   10  18245      37.62   10.000   3.762     69.190     99.951    2755.10   366.01
neighbors       equal           perStrength      1000   100000 0.000100    5    5  0.00    5  18345      91.76   20.000   4.588     68.700    100.807    1129.91   442.18
neighbors       equal           perStrength      1000   100000 0.000100    5    5  0.00   10  18445      81.80   20.000   4.090     69.230    100.289    1277.64   389.21
neighbors       equal           perStrength      1000   100000 0.000100    5    5  0.10    5  18545      95.39   20.000   4.769     69.340    100.426    1085.08   469.60
neighbors       equal           perStrength      1000   100000 0.000100    5    5  0.10   10  18645      79.20   20.000   3.960     68.840    100.592    1311.56   389.43
neighbors       equal           perStrength      1000   100000 0.000100    5    5  0.25    5  18745      90.27   20.000   4.513     69.140    100.359    1156.31   448.05
neighbors       equal           perStrength      1000   100000 0.000100    5    5  0.25   10  18845      76.76   20.000   3.838     68.970    100.774    1352.56   381.14
neighbors       equal           perStrength      1000   100000 0.000100    5   10  0.00    5  18945      45.56   10.000   4.556     69.230    100.089    2256.96   421.40
neighbors       equal           perStrength      1000   100000 0.000100    5   10  0.00   10  19045      36.04   10.000   3.604     69.070    100.358    2843.27   329.05
neighbors       equal           perStrength      1000   100000 0.000100    5   10  0.10    5  19145      45.96   10.000   4.596     68.750    100.540    2256.34   444.86
neighbors       equal           perStrength      1000   100000 0.000100    5   10  0.10   10  19245      39.75   10.000   3.975     68.960    100.765    2625.84   378.55
neighbors       equal           perStrength      1000   100000 0.000100    5   10  0.25    5  19345      45.52   10.000   4.552     69.080    100.499    2300.59   440.66
neighbors       equal           perStrength      1000   100000 0.000100    5   10  0.25   10  19445      38.35   10.000   3.835     69.390     99.942    2738.76   373.36
neighbors       equal           perStrength      1000   100000 0.001000    5    5  0.00    5  19545      86.10   20.000   4.305     69.250    100.129    1189.31   412.65
neighbors       equal           perStrength      1000   100000 0.001000    5    5  0.00   10  19645      75.90   20.000   3.795     69.240     99.865    1361.84   359.77
neighbors       equal           perStrength      1000   100000 0.001000    5    5  0.10    5  19745      87.79   20.000   4.389     69.390    100.336    1173.26   425.55
neighbors       equal           perStrength      1000   100000 0.001000    5    5  0.10   10  19845      76.16   20.000   3.808     69.030    100.663    1360.94   369.22
neighbors       equal           perStrength      1000   100000 0.001000    5    5  0.25    5  19945      89.21   20.000   4.460     68.680    100.638    1154.79   437.52
neighbors       equal           perStrength      1000   100000 0.001000    5    5  0.25   10  20045      72.21   20.000   3.610     68.960    100.684    1427.72   354.10
neighbors       equal           perStrength      1000   100000 0.001000    5   10  0.00    5  20145      45.51   10.000   4.551     68.990    100.328    2273.48   422.00
neighbors       equal           perStrength      1000   100000 0.001000    5   10  0.00   10  20245      38.13   10.000   3.813     68.790    100.583    2702.28   346.52
neighbors       equal           perStrength      1000   100000 0.001000    5   10  0.10    5  20345      47.22   10.000   4.722     69.000    100.763    2204.90   452.24
neighbors       equal           perStrength      1000   100000 0.001000    5   10  0.10   10  20445      39.49   10.000   3.949     69.160    100.493    2632.87   378.51
neighbors       equal           perStrength      1000   100000 0.001000    5   10  0.25    5  20545      43.77   10.000   4.377     69.310    100.121    2354.39   421.69
neighbors       equal           perStrength      1000   100000 0.001000    5   10  0.25   10  20645      37.12   10.000   3.712     69.310    100.055    2792.14   359.07
neighbors       equal           perStrength      1000   100000 0.010000    5    5  0.00    5  20745      70.10   20.000   3.505     69.170    100.050    1449.89   311.59
neighbors       equal           perStrength      1000   100000 0.010000    5    5  0.00   10  20845      64.56   20.000   3.228     69.090    100.760    1578.43   290.14
neighbors       equal           perStrength      1000   100000 0.010000    5    5  0.10    5  20945      68.93   20.000   3.447     69.410    100.395    1476.85   317.09
neighbors       equal           perStrength      1000   100000 0.010000    5    5  0.10   10  21045      62.35   20.000   3.118     69.120     99.915    1629.32   289.43
neighbors       equal           perStrength      1000   100000 0.010000    5    5  0.25    5  21145      69.36   20.000   3.468     68.900    100.805    1464.62   316.97
neighbors       equal           perStrength      1000   100000 0.010000    5    5  0.25   10  21245      61.30   20.000   3.065     69.130    100.151    1669.75   284.30
neighbors       equal           perStrength      1000   100000 0.010000    5   10  0.00    5  21345      39.69   10.000   3.969     69.170    100.376    2572.76   352.87
neighbors       equal           perStrength      1000   100000 0.010000    5   10  0.00   10  21445      34.78   10.000   3.478     68.990    100.331    2959.14   309.84
neighbors       equal           perStrength      1000   100000 0.010000    5   10  0.10    5  21545      39.01   10.000   3.901     69.100    100.477    2609.86   356.29
neighbors       equal           perStrength      1000   100000 0.010000    5   10  0.10   10  21645      34.18   10.000   3.418     68.860    100.098    2983.06   310.60
neighbors       equal           perStrength      1000   100000 0.010000    5   10  0.25    5  21745      38.32   10.000   3.832     69.120    100.297    2663.61   358.39
neighbors       equal           perStrength      1000   100000 0.010000    5   10  0.25   10  21845      33.97   10.000   3.397     68.970    100.346    3038.34   312.66
neighbors       randomUniform   one              1000   100000 0.000000    5    5  0.00    5  21945     466.04  100.000   4.660     69.190    100.007     222.18   463.47
neighbors       randomUniform   one              1000   100000 0.000000    5    5  0.00   10  22045     437.88  100.000   4.379     69.340    100.287     240.70   435.66
neighbors       randomUniform   one              1000   100000 0.000000    5    5  0.10    5  22145     489.14  100.000   4.891     68.980    100.601     212.14   488.79
neighbors       randomUniform   one              1000   100000 0.000000    5    5  0.10   10  22245     403.14  100.000   4.031     68.990    100.593     259.19   402.88
neighbors       randomUniform   one              1000   100000 0.000000    5    5  0.25    5  22345     457.21  100.000   4.572     68.950    100.468     224.63   457.21
neighbors       randomUniform   one              1000   100000 0.000000    5    5  0.25   10  22445     395.86  100.000   3.959     68.670    100.607     263.95   395.64
neighbors       randomUniform   one              1000   100000 0.000000    5   10  0.00    5  22545     479.50  100.000   4.795     68.890    100.299     217.64   476.80
neighbors       randomUniform   one              1000   100000 0.000000    5   10  0.00   10  22645     416.01  100.000   4.160     68.700    100.853     248.19   413.63
neighbors       randomUniform   one              1000   100000 0.000000    5   10  0.10    5  22745     460.84  100.000   4.608     69.460    100.323     224.24   460.82
neighbors       randomUniform   one              1000   100000 0.000000    5   10  0.10   10  22845     416.34  100.000   4.163     69.320     99.876     249.63   416.30
neighbors       randomUniform   one              1000   100000 0.000000    5   10  0.25    5  22945     464.92  100.000   4.649     69.180     99.811     223.88   464.68
neighbors       randomUniform   one              1000   100000 0.000000    5   10  0.25   10  23045     395.43  100.000   3.954     69.040    100.390     264.16   395.43
neighbors       randomUniform   one              1000   100000 0.000100    5    5  0.00    5  23145     470.69  100.000   4.707     68.680    101.356     224.57   464.97
neighbors       randomUniform   one              1000   100000 0.000100    5    5  0.00   10  23245     408.72  100.000   4.087     69.420    100.407     252.04   404.60
neighbors       randomUniform   one              1000   100000 0.000100    5    5  0.10    5  23345     449.22  100.000   4.492     69.020    100.381     231.19   446.48
neighbors       randomUniform   one              1000   100000 0.000100    5    5  0.10   10  23445     399.12  100.000   3.991     68.900    100.091     260.40   398.76
neighbors       randomUniform   one              1000   100000 0.000100    5    5  0.25    5  23545     436.51  100.000   4.365     69.260    100.255     235.04   431.25
neighbors       randomUniform   one              1000   100000 0.000100    5    5  0.25   10  23645     379.91  100.000   3.799     69.300    100.219     273.35   378.48
neighbors       randomUniform   one              1000   100000 0.000100    5   10  0.00    5  23745     453.27  100.000   4.533     69.170     99.964     226.95   448.58
neighbors       randomUniform   one              1000   100000 0.000100    5   10  0.00   10  23845     419.03  100.000   4.190     69.140    100.240     248.22   413.98
neighbors       randomUniform   one              1000   100000 0.000100    5   10  0.10    5  23945     476.39  100.000   4.764     69.100    100.408     219.07   474.93
neighbors       randomUniform   one              1000   100000 0.000100    5   10  0.10   10  24045     412.77  100.000   4.128     69.060    100.001     252.98   411.89
neighbors       randomUniform   one              1000   100000 0.000100    5   10  0.25    5  24145     456.47  100.000   4.565     69.290     99.967     227.31   452.85
neighbors       randomUniform   one              1000   100000 0.000100    5   10  0.25   10  24245     375.06  100.000   3.751     69.190    100.365     276.47   372.65
neighbors       randomUniform   one              1000   100000 0.001000    5    5  0.00    5  24345     380.34  100.000   3.803     69.310    100.524     268.46   364.78
neighbors       randomUniform   one              1000   100000 0.001000    5    5  0.00   10  24445     338.55  100.000   3.385     68.910    100.755     302.53   325.85
neighbors       randomUniform   one              1000   100000 0.001000    5    5  0.10    5  24545     380.65  100.000   3.806     69.050    100.603     268.28   365.00
neighbors       randomUniform   one              1000   100000 0.001000    5    5  0.10   10  24645     333.72  100.000   3.337     68.970    100.311     307.65   324.71
neighbors       randomUniform   one              1000   100000 0.001000    5    5  0.25    5  24745     374.94  100.000   3.749     68.980    100.749     272.86   355.11
neighbors       randomUniform   one              1000   100000 0.001000    5    5  0.25   10  24845     322.89  100.000   3.229     69.100     99.849     316.69   315.13
neighbors       randomUniform   one              1000   100000 0.001000    5   10  0.00    5  24945     384.26  100.000   3.843     69.230    100.178     266.26   364.01
neighbors       randomUniform   one              1000   100000 0.001000    5   10  0.00   10  25045     351.54  100.000   3.515     69.130    100.490     291.85   332.00
neighbors       randomUniform   one              1000   100000 0.001000    5   10  0.10    5  25145     380.14  100.000   3.801     69.570    100.157     269.43   364.73
neighbors       randomUniform   one              1000   100000 0.001000    5   10  0.10   10  25245     336.70  100.000   3.367     68.990    100.494     305.22   327.18
neighbors       randomUniform   one              1000   100000 0.001000    5   10  0.25    5  25345     371.83  100.000   3.718     69.120    100.169     272.62   357.13
neighbors       randomUniform   one              1000   100000 0.001000    5   10  0.25   10  25445     326.61  100.000   3.266     68.920    100.303     314.57   316.61
neighbors       randomUniform   one              1000   100000 0.010000    5    5  0.00    5  25545     245.02  100.000   2.450     68.980    100.627     410.43   196.17
neighbors       randomUniform   one              1000   100000 0.010000    5    5  0.00   10  25645     220.31  100.000   2.203     68.930    100.931     456.94   186.30
neighbors       randomUniform   one              1000   100000 0.010000    5    5  0.10    5  25745     245.46  100.000   2.455     69.500     99.578     410.23   202.30
neighbors       randomUniform   one              1000   100000 0.010000    5    5  0.10   10  25845     218.21  100.000   2.182     69.070    100.109     461.44   186.95
neighbors       randomUniform   one              1000   100000 0.010000    5    5  0.25    5  25945     241.98  100.000   2.420     69.090    100.518     416.28   199.94
neighbors       randomUniform   one              1000   100000 0.010000    5    5  0.25   10  26045     220.20  100.000   2.202     69.300    100.356     457.98   187.10
neighbors       randomUniform   one              1000   100000 0.010000    5   10  0.00    5  26145     247.28  100.000   2.473     68.960    100.390     408.33   194.21
neighbors       randomUniform   one              1000   100000 0.010000    5   10  0.00   10  26245     218.56  100.000   2.186     69.070    100.220     460.59   187.05
neighbors       randomUniform   one              1000   100000 0.010000    5   10  0.10    5  26345     242.33  100.000   2.423     69.540    100.148     414.74   199.06
neighbors       randomUniform   one              1000   100000 0.010000    5   10  0.10   10  26445     222.83  100.000   2.228     69.180    100.127     452.30   190.05
neighbors       randomUniform   one              1000   100000 0.010000    5   10  0.25    5  26545     244.34  100.000   2.443     69.350    100.158     411.64   197.52
neighbors       randomUniform   one              1000   100000 0.010000    5   10  0.25   10  26645     222.41  100.000   2.224     69.320     99.954     452.74   194.02
neighbors       randomUniform   perStrength      1000   100000 0.000000    5    5  0.00    5  26745     265.46   33.299   7.972     69.100    100.617     405.24   493.27
neighbors       randomUniform   perStrength      1000   100000 0.000000    5    5  0.00   10  26845     215.21   33.290   6.465     68.710    100.935     519.25   439.76
neighbors       randomUniform   perStrength      1000   100000 0.000000    5    5  0.10    5  26945     278.11   33.417   8.322     69.230     99.951     388.16   501.73
neighbors       randomUniform   perStrength      1000   100000 0.000000    5    5  0.10   10  27045     236.84   33.293   7.114     69.150    100.149     477.08   432.36
neighbors       randomUniform   perStrength      1000   100000 0.000000    5    5  0.25    5  27145     286.01   33.364   8.572     69.030    100.240     383.38   500.18
neighbors       randomUniform   perStrength      1000   100000 0.000000    5    5  0.25   10  27245     228.92   33.347   6.865     68.990    100.532     480.04   408.66
neighbors       randomUniform   perStrength      1000   100000 0.000000    5   10  0.00    5  27345     173.88   18.213   9.547     69.340    100.428     643.20   501.09
neighbors       randomUniform   perStrength      1000   100000 0.000000    5   10  0.00   10  27445     135.24   18.194   7.433     69.070    100.206     875.98   421.49
neighbors       randomUniform   perStrength      1000   100000 0.000000    5   10  0.10    5  27545     217.72   18.159  11.990     69.000    100.323     550.10   519.38
neighbors       randomUniform   perStrength      1000   100000 0.000000    5   10  0.10   10  27645     150.87   18.208   8.286     69.520     99.995     761.00   435.27
neighbors       randomUniform   perStrength      1000   100000 0.000000    5   10  0.25    5  27745     235.00   18.188  12.921     69.540    100.267     474.32   483.31
neighbors       randomUniform   perStrength      1000   100000 0.000000    5   10  0.25   10  27845     183.07   18.136  10.094     69.360     99.920     642.51   429.98
neighbors       randomUniform   perStrength      1000   100000 0.000100    5    5  0.00    5  27945     260.68   33.328   7.822     69.040    100.424     423.33   505.36
neighbors       randomUniform   perStrength      1000   100000 0.000100    5    5  0.00   10  28045     214.64   33.322   6.441     69.190    100.227     504.52   427.89
neighbors       randomUniform   perStrength      1000   100000 0.000100    5    5  0.10    5  28145     283.80   33.396   8.498     69.150     99.961     391.56   494.05
neighbors       randomUniform   perStrength      1000   100000 0.000100    5    5  0.10   10  28245     238.37   33.272   7.164     68.990    100.502     456.36   445.67
neighbors       randomUniform   perStrength      1000   100000 0.000100    5    5  0.25    5  28345     284.32   33.329   8.531     69.120    100.356     391.58   479.58
neighbors       randomUniform   perStrength      1000   100000 0.000100    5    5  0.25   10  28445     227.49   33.331   6.825     69.160    100.465     480.86   416.24
neighbors       randomUniform   perStrength      1000   100000 0.000100    5   10  0.00    5  28545     187.22   18.172  10.302     69.360     99.924     596.13   498.88
neighbors       randomUniform   perStrength      1000   100000 0.000100    5   10  0.00   10  28645     136.84   18.231   7.506     68.870    100.537     845.21   433.95
neighbors       randomUniform   perStrength      1000   100000 0.000100    5   10  0.10    5  28745     189.68   18.173  10.437     69.110    100.653     588.98   502.07
neighbors       randomUniform   perStrength      1000   100000 0.000100    5   10  0.10   10  28845     160.62   18.211   8.820     69.290    100.338     719.75   424.08
neighbors       randomUniform   perStrength      1000   100000 0.000100    5   10  0.25    5  28945     227.29   18.145  12.527     69.070    100.025     506.05   491.85
neighbors       randomUniform   perStrength      1000   100000 0.000100    5   10  0.25   10  29045     183.51   18.204  10.081     69.430     99.952     645.90   423.46
neighbors       randomUniform   perStrength      1000   100000 0.001000    5    5  0.00    5  29145     220.56   33.289   6.626     69.210    100.335     482.45   447.18
neighbors       randomUniform   perStrength      1000   100000 0.001000    5    5  0.00   10  29245     184.80   33.396   5.534     69.040    100.042     580.60   407.72
neighbors       randomUniform   perStrength      1000   100000 0.001000    5    5  0.10    5  29345     228.88   33.377   6.857     69.500     99.916     458.33   440.74
neighbors       randomUniform   perStrength      1000   100000 0.001000    5    5  0.10   10  29445     201.08   33.406   6.019     69.460    100.026     531.36   399.56
neighbors       randomUniform   perStrength      1000   100000 0.001000    5    5  0.25    5  29545     239.38   33.315   7.185     68.920    100.428     443.22   453.80
neighbors       randomUniform   perStrength      1000   100000 0.001000    5    5  0.25   10  29645     189.90   33.305   5.702     69.490     99.979     556.81   392.81
neighbors       randomUniform   perStrength      1000   100000 0.001000    5   10  0.00    5  29745     145.49   18.191   7.998     69.210    100.082     752.21   463.81
neighbors       randomUniform   perStrength      1000   100000 0.001000    5   10  0.00   10  29845     124.93   18.207   6.861     69.370    100.002     890.48   401.03
neighbors       randomUniform   perStrength      1000   100000 0.001000    5   10  0.10    5  29945     176.32   18.190   9.693     68.990    100.521     609.80   473.09
neighbors       randomUniform   perStrength      1000   100000 0.001000    5   10  0.10   10  30045     152.23   18.148   8.388     69.310    100.397     743.54   429.96
neighbors       randomUniform   perStrength      1000   100000 0.001000    5   10  0.25    5  30145     188.08   18.204  10.332     68.910    100.847     572.68   486.13
neighbors       randomUniform   perStrength      1000   100000 0.001000    5   10  0.25   10  30245     167.74   18.162   9.236     68.650    100.770     680.43   399.43
neighbors       randomUniform   perStrength      1000   100000 0.010000    5    5  0.00    5  30345     133.61   33.317   4.010     69.350    100.131     766.27   330.19
neighbors       randomUniform   perStrength      1000   100000 0.010000    5    5  0.00   10  30445     117.78   33.330   3.534     68.760    100.380     872.92   305.82
neighbors       randomUniform   perStrength      1000   100000 0.010000    5    5  0.10    5  30545     132.69   33.426   3.970     69.630     99.971     769.35   330.46
neighbors       randomUniform   perStrength      1000   100000 0.010000    5    5  0.10   10  30645     119.63   33.333   3.589     68.590    100.359     860.28   299.46
neighbors       randomUniform   perStrength      1000   100000 0.010000    5    5  0.25    5  30745     141.08   33.329   4.233     69.000    100.642     728.16   326.63
neighbors       randomUniform   perStrength      1000   100000 0.010000    5    5  0.25   10  30845     122.04   33.435   3.650     69.170    100.054     842.36   301.35
neighbors       randomUniform   perStrength      1000   100000 0.010000    5   10  0.00    5  30945      94.89   18.153   5.227     68.880    100.232    1085.66   374.99
neighbors       randomUniform   perStrength      1000   100000 0.010000    5   10  0.00   10  31045      79.76   18.201   4.382     69.520    100.393    1302.12   343.97
neighbors       randomUniform   perStrength      1000   100000 0.010000    5   10  0.10    5  31145     100.57   18.180   5.532     69.220    100.216    1035.61   372.60
neighbors       randomUniform   perStrength      1000   100000 0.010000    5   10  0.10   10  31245      85.39   18.248   4.679     68.910    100.357    1220.69   340.64
neighbors       randomUniform   perStrength      1000   100000 0.010000    5   10  0.25    5  31345     108.58   18.190   5.969     69.340    100.492     955.79   371.57
neighbors       randomUniform   perStrength      1000   100000 0.010000    5   10  0.25   10  31445      94.42   18.235   5.178     68.690    100.586    1100.81   338.78
