churn           equal           one               100   100000 0.000000   -1    1 -1.00   -1  12345    5022.22 1000.000   5.022    684.590    978.744      20.67  5022.22
churn           equal           one               100   100000 0.000100   -1    1 -1.00   -1  12445    4362.25 1000.000   4.362    693.330    981.175      23.61  3942.70
churn           equal           one               100   100000 0.001000   -1    1 -1.00   -1  12545    3019.25 1000.000   3.019    684.620    984.709      33.53  1822.11
churn           equal           one               100   100000 0.010000   -1    1 -1.00   -1  12645    1873.36 1000.000   1.873    686.640    999.063      53.61   144.40
churn           equal           perStrength       100   100000 0.000000   -1    1 -1.00   -1  12745    5192.00 1000.000   5.192    674.530    996.054      20.04  5192.00
churn           equal           perStrength       100   100000 0.000100   -1    1 -1.00   -1  12845    4355.77 1000.000   4.356    698.640    973.396      23.68  3790.35
churn           equal           perStrength       100   100000 0.001000   -1    1 -1.00   -1  12945    2986.73 1000.000   2.987    698.900    973.673      33.93  1912.22
churn           equal           perStrength       100   100000 0.010000   -1    1 -1.00   -1  13045    1864.31 1000.000   1.864    684.170    987.570      53.93   150.78
churn           randomUniform   one               100   100000 0.000000   -1    1 -1.00   -1  13145    5154.07 1000.000   5.154    692.240    982.373      20.27  5154.07
churn           randomUniform   one               100   100000 0.000100   -1    1 -1.00   -1  13245    4478.76 1000.000   4.479    686.570    990.760      23.07  3994.46
churn           randomUniform   one               100   100000 0.001000   -1    1 -1.00   -1  13345    3114.78 1000.000   3.115    686.910    980.504      32.59  1815.68
churn           randomUniform   one               100   100000 0.010000   -1    1 -1.00   -1  13445    1860.26 1000.000   1.860    682.620    979.432      53.99   149.82
churn           randomUniform   perStrength       100   100000 0.000000   -1    1 -1.00   -1  13545    5249.88 1000.000   5.250    683.880    984.826      20.17  5249.88
churn           randomUniform   perStrength       100   100000 0.000100   -1    1 -1.00   -1  13645    4319.36 1000.000   4.319    693.780    968.546      23.71  3860.89
churn           randomUniform   perStrength       100   100000 0.001000   -1    1 -1.00   -1  13745    3027.83 1000.000   3.028    688.800    981.790      33.60  1839.47
churn           randomUniform   perStrength       100   100000 0.010000   -1    1 -1.00   -1  13845    1872.40 1000.000   1.872    674.400   1000.576      53.62   155.04
