churn           equal           one               100  1000000 0.000000   -1    1 -1.00   -1  12345   50155.68 10000.000   5.016   6836.230   9785.307      20.70 50155.68
churn           equal           one               100  1000000 0.000100   -1    1 -1.00   -1  12445   30769.09 10000.000   3.077   6934.150   9805.435      32.95 17568.67
churn           equal           one               100  1000000 0.001000   -1    1 -1.00   -1  12545   18625.23 10000.000   1.863   6846.080   9843.554      53.97  1375.19
churn           equal           one               100  1000000 0.010000   -1    1 -1.00   -1  12645   13088.08 10000.000   1.309   6869.250   9980.240      76.48   116.51
churn           equal           perStrength       100  1000000 0.000000   -1    1 -1.00   -1  12745   51885.05 10000.000   5.189   6746.820   9957.089      20.05 51885.05
churn           equal           perStrength       100  1000000 0.000100   -1    1 -1.00   -1  12845   30136.32 10000.000   3.014   6967.360   9728.312      33.63 18106.86
churn           equal           perStrength       100  1000000 0.001000   -1    1 -1.00   -1  12945   18775.01 10000.000   1.878   6972.830   9733.566      53.47  1365.86
churn           equal           perStrength       100  1000000 0.010000   -1    1 -1.00   -1  13045   13095.74 10000.000   1.310   6819.740   9876.054      76.45    98.94
churn           randomUniform   one               100  1000000 0.000000   -1    1 -1.00   -1  13145   51448.28 10000.000   5.145   6916.900   9816.726      20.30 51448.28
churn           randomUniform   one               100  1000000 0.000100   -1    1 -1.00   -1  13245   30229.51 10000.000   3.023   6856.500   9901.941      33.54 17689.13
churn           randomUniform   one               100  1000000 0.001000   -1    1 -1.00   -1  13345   18555.08 10000.000   1.856   6866.000   9805.676      54.09  1502.15
churn           randomUniform   one               100  1000000 0.010000   -1    1 -1.00   -1  13445   13055.26 10000.000   1.306   6836.180   9788.943      76.67   104.74
churn           randomUniform   perStrength       100  1000000 0.000000   -1    1 -1.00   -1  13545   52428.60 10000.000   5.243   6846.690   9843.821      20.20 52428.60
churn           randomUniform   perStrength       100  1000000 0.000100   -1    1 -1.00   -1  13645   29944.64 10000.000   2.994   6919.010   9685.247      33.78 19215.07
churn           randomUniform   perStrength       100  1000000 0.001000   -1    1 -1.00   -1  13745   18667.78 10000.000   1.867   6894.650   9819.377      53.77  1340.40
churn           randomUniform   perStrength       100  1000000 0.010000   -1    1 -1.00   -1  13845   13062.57 10000.000   1.306   6724.890  10006.734      76.63    99.95
