invite          equal           one               100    10000 0.000000    5    5  0.00    5  12345     358.49  100.000   3.585     68.020     98.364      28.75   356.18
invite          equal           one               100    10000 0.000000    5    5  0.00   10  12445     367.55  100.000   3.675     69.410     98.376      29.14   365.23
invite          equal           one               100    10000 0.000000    5    5  0.10    5  12545     380.68  100.000   3.807     68.470     98.818      28.05   380.68
invite          equal           one               100    10000 0.000000    5    5  0.10   10  12645     390.93  100.000   3.909     68.330    100.400      27.47   390.74
invite          equal           one               100    10000 0.000000    5    5  0.25    5  12745     372.64  100.000   3.726     67.640    100.053      28.27   372.61
invite          equal           one               100    10000 0.000000    5    5  0.25   10  12845     373.96  100.000   3.740     69.680     97.856      28.45   373.96
invite          equal           one               100    10000 0.000000    5   10  0.00    5  12945     383.25  100.000   3.833     70.090     97.761      27.65   380.11
invite          equal           one               100    10000 0.000000    5   10  0.00   10  13045     390.70  100.000   3.907     68.610     99.181      27.29   388.12
invite          equal           one               100    10000 0.000000    5   10  0.10    5  13145     384.84  100.000   3.848     69.560     98.638      27.62   384.84
invite          equal           one               100    10000 0.000000    5   10  0.10   10  13245     372.87  100.000   3.729     68.990     99.192      28.41   372.87
invite          equal           one               100    10000 0.000000    5   10  0.25    5  13345     384.23  100.000   3.842     68.590     98.407      27.75   384.23
invite          equal           one               100    10000 0.000000    5   10  0.25   10  13445     366.00  100.000   3.660     67.850     98.524      28.62   365.98
invite          equal           perStrength       100    10000 0.000000    5    5  0.00    5  13545      74.94   20.000   3.747     68.450     98.899     140.97   357.10
invite          equal           perStrength       100    10000 0.000000    5    5  0.00   10  13645      75.48   20.000   3.774     68.710     97.406     139.88   359.22
invite          equal           perStrength       100    10000 0.000000    5    5  0.10    5  13745      77.65   20.000   3.883     69.070     98.871     136.69   381.17
invite          equal           perStrength       100    10000 0.000000    5    5  0.10   10  13845      78.60   20.000   3.930     67.080    100.576     135.88   385.11
invite          equal           perStrength       100    10000 0.000000    5    5  0.25    5  13945      79.00   20.000   3.950     67.520    100.060     132.85   392.43
invite          equal           perStrength       100    10000 0.000000    5    5  0.25   10  14045      77.42   20.000   3.871     68.510     99.009     137.71   383.90
invite          equal           perStrength       100    10000 0.000000    5   10  0.00    5  14145      38.30   10.000   3.830     70.360     97.464     272.31   346.57
invite          equal           perStrength       100    10000 0.000000    5   10  0.00   10  14245      39.22   10.000   3.922     68.300     99.821     269.27   355.96
invite          equal           perStrength       100    10000 0.000000    5   10  0.10    5  14345      38.29   10.000   3.829     69.040     99.203     273.92   356.81
invite          equal           perStrength       100    10000 0.000000    5   10  0.10   10  14445      39.66   10.000   3.966     69.000     99.251     267.35   373.48
invite          equal           perStrength       100    10000 0.000000    5   10  0.25    5  14545      38.03   10.000   3.803     69.120     98.810     276.73   366.17
invite          equal           perStrength       100    10000 0.000000    5   10  0.25   10  14645      38.59   10.000   3.859     68.690     99.812     272.89   371.01
invite          randomUniform   one               100    10000 0.000000    5    5  0.00    5  14745     382.07  100.000   3.821     69.160     98.893      27.34   379.27
invite          randomUniform   one               100    10000 0.000000    5    5  0.00   10  14845     382.40  100.000   3.824     68.690     99.030      27.70   379.96
invite          randomUniform   one               100    10000 0.000000    5    5  0.10    5  14945     367.63  100.000   3.676     68.360     99.249      29.02   367.28
invite          randomUniform   one               100    10000 0.000000    5    5  0.10   10  15045     361.94  100.000   3.619     68.840     98.476      28.95   361.94
invite          randomUniform   one               100    10000 0.000000    5    5  0.25    5  15145     371.26  100.000   3.713     68.790     99.127      28.31   371.26
invite          randomUniform   one               100    10000 0.000000    5    5  0.25   10  15245     372.45  100.000   3.724     68.390     99.002      28.35   372.45
invite          randomUniform   one               100    10000 0.000000    5   10  0.00    5  15345     384.57  100.000   3.846     68.360     99.529      27.39   380.53
invite          randomUniform   one               100    10000 0.000000    5   10  0.00   10  15445     374.14  100.000   3.741     68.810     98.939      28.13   371.63
invite          randomUniform   one               100    10000 0.000000    5   10  0.10    5  15545     361.51  100.000   3.615     68.510     98.737      29.29   361.27
invite          randomUniform   one               100    10000 0.000000    5   10  0.10   10  15645     395.70  100.000   3.957     68.980     99.985      27.22   395.70
invite          randomUniform   one               100    10000 0.000000    5   10  0.25    5  15745     389.32  100.000   3.893     67.690     99.798      26.93   389.32
invite          randomUniform   one               100    10000 0.000000    5   10  0.25   10  15845     383.64  100.000   3.836     67.900     99.359      27.63   383.64
invite          randomUniform   perStrength       100    10000 0.000000    5    5  0.00    5  15945     193.60   33.685   5.747     67.770    100.348      61.16   400.55
invite          randomUniform   perStrength       100    10000 0.000000    5    5  0.00   10  16045     172.85   33.193   5.207     69.100     98.715      66.22   376.00
invite          randomUniform   perStrength       100    10000 0.000000    5    5  0.10    5  16145     199.06   33.215   5.993     70.090     98.233      57.21   384.67
invite          randomUniform   perStrength       100    10000 0.000000    5    5  0.10   10  16245     201.61   33.307   6.053     67.760    100.765      57.74   385.97
invite          randomUniform   perStrength       100    10000 0.000000    5    5  0.25    5  16345     246.48   33.276   7.407     69.060     98.693      46.12   388.01
invite          randomUniform   perStrength       100    10000 0.000000    5    5  0.25   10  16445     224.44   33.246   6.751     68.240    100.103      50.93   389.04
invite          randomUniform   perStrength       100    10000 0.000000    5   10  0.00    5  16545     126.23   18.199   6.936     68.320    100.249      97.23   392.83
invite          randomUniform   perStrength       100    10000 0.000000    5   10  0.00   10  16645     106.64   18.146   5.877     69.350     97.470     108.22   369.32
invite          randomUniform   perStrength       100    10000 0.000000    5   10  0.10    5  16745     145.66   18.299   7.960     69.700     98.365      88.19   384.49
invite          randomUniform   perStrength       100    10000 0.000000    5   10  0.10   10  16845     137.81   18.132   7.600     68.580     97.732      87.58   385.29
invite          randomUniform   perStrength       100    10000 0.000000    5   10  0.25    5  16945     161.28   18.223   8.850     69.560     97.158      75.05   381.07
invite          randomUniform   perStrength       100    10000 0.000000    5   10  0.25   10  17045     161.09   18.209   8.847     67.940     99.867      75.12   364.92
