neighbors       equal           one               100    10000 0.000000    5    5  0.00    5  12345     307.83  100.000   3.078     68.020     98.364      34.13   304.99
neighbors       equal           one               100    10000 0.000000    5    5  0.00   10  12445     275.01  100.000   2.750     69.410     98.376      39.42   271.93
neighbors       equal           one               100    10000 0.000000    5    5  0.10    5  12545     308.25  100.000   3.083     68.470     98.818      34.48   308.04
neighbors       equal           one               100    10000 0.000000    5    5  0.10   10  12645     264.97  100.000   2.650     68.330    100.400      40.04   264.90
neighbors       equal           one               100    10000 0.000000    5    5  0.25    5  12745     300.08  100.000   3.001     67.640    100.053      35.24   300.06
neighbors       equal           one               100    10000 0.000000    5    5  0.25   10  12845     243.35  100.000   2.433     69.680     97.856      43.34   243.35
neighbors       equal           one               100    10000 0.000000    5   10  0.00    5  12945     315.46  100.000   3.155     70.090     97.761      33.53   312.55
neighbors       equal           one               100    10000 0.000000    5   10  0.00   10  13045     275.45  100.000   2.754     68.610     99.181      39.00   271.90
neighbors       equal           one               100    10000 0.000000    5   10  0.10    5  13145     305.84  100.000   3.058     69.560     98.638      34.42   305.84
neighbors       equal           one               100    10000 0.000000    5   10  0.10   10  13245     277.37  100.000   2.774     68.990     99.192      38.62   277.34
neighbors       equal           one               100    10000 0.000000    5   10  0.25    5  13345     290.56  100.000   2.906     68.590     98.407      35.83   290.35
neighbors       equal           one               100    10000 0.000000    5   10  0.25   10  13445     246.40  100.000   2.464     67.850     98.524      42.94   246.40
neighbors       equal           one               100    10000 0.000100    5    5  0.00    5  13545     308.71  100.000   3.087     68.450     98.899      34.37   304.96
neighbors       equal           one               100    10000 0.000100    5    5  0.00   10  13645     266.21  100.000   2.662     68.710     97.406      39.47   262.70
neighbors       equal           one               100    10000 0.000100    5    5  0.10    5  13745     297.99  100.000   2.980     69.070     98.871      35.46   294.96
neighbors       equal           one               100    10000 0.000100    5    5  0.10   10  13845     247.58  100.000   2.476     67.080    100.576      42.19   247.32
neighbors       equal           one               100    10000 0.000100    5    5  0.25    5  13945     289.01  100.000   2.890     67.520    100.060      36.74   288.25
neighbors       equal           one               100    10000 0.000100    5    5  0.25   10  14045     245.47  100.000   2.455     68.510     99.009      43.70   245.12
neighbors       equal           one               100    10000 0.000100    5   10  0.00    5  14145     305.49  100.000   3.055     70.360     97.464      34.53   300.66
neighbors       equal           one               100    10000 0.000100    5   10  0.00   10  14245     277.09  100.000   2.771     68.300     99.821      39.14   273.90
neighbors       equal           one               100    10000 0.000100    5   10  0.10    5  14345     308.69  100.000   3.087     69.040     99.203      34.56   308.52
neighbors       equal           one               100    10000 0.000100    5   10  0.10   10  14445     264.38  100.000   2.644     69.000     99.251      40.06   264.35
neighbors       equal           one               100    10000 0.000100    5   10  0.25    5  14545     298.09  100.000   2.981     69.120     98.810      36.23   294.30
neighbors       equal           one               100    10000 0.000100    5   10  0.25   10  14645     236.01  100.000   2.360     68.690     99.812      44.39   235.76
neighbors       equal           one               100    10000 0.001000    5    5  0.00    5  14745     266.05  100.000   2.661     69.010     99.135      38.87   256.47
neighbors       equal           one               100    10000 0.001000    5    5  0.00   10  14845     245.70  100.000   2.457     68.270     99.273      42.38   235.95
neighbors       equal           one               100    10000 0.001000    5    5  0.10    5  14945     262.07  100.000   2.621     68.140     99.532      39.31   253.76
neighbors       equal           one               100    10000 0.001000    5    5  0.10   10  15045     247.65  100.000   2.477     68.230     98.642      42.18   238.76
neighbors       equal           one               100    10000 0.001000    5    5  0.25    5  15145     268.95  100.000   2.689     68.510     99.139      38.67   261.55
neighbors       equal           one               100    10000 0.001000    5    5  0.25   10  15245     222.21  100.000   2.222     68.350     98.901      46.63   215.70
neighbors       equal           one               100    10000 0.001000    5   10  0.00    5  15345     281.31  100.000   2.813     68.430     99.396      37.05   264.05
neighbors       equal           one               100    10000 0.001000    5   10  0.00   10  15445     243.30  100.000   2.433     69.270     98.755      42.88   236.37
neighbors       equal           one               100    10000 0.001000    5   10  0.10    5  15545     271.47  100.000   2.715     69.090     98.749      38.30   263.65
neighbors       equal           one               100    10000 0.001000    5   10  0.10   10  15645     244.64  100.000   2.446     68.890     99.583      42.94   238.31
neighbors       equal           one               100    10000 0.001000    5   10  0.25    5  15745     268.42  100.000   2.684     67.280     99.619      38.89   257.04
neighbors       equal           one               100    10000 0.001000    5   10  0.25   10  15845     232.81  100.000   2.328     67.900     99.470      44.45   224.94
neighbors       equal           one               100    10000 0.010000    5    5  0.00    5  15945     201.71  100.000   2.017     68.240    100.178      50.14   162.76
neighbors       equal           one               100    10000 0.010000    5    5  0.00   10  16045     183.07  100.000   1.831     68.480     98.972      55.27   157.81
neighbors       equal           one               100    10000 0.010000    5    5  0.10    5  16145     198.43  100.000   1.984     69.770     98.285      50.97   164.46
neighbors       equal           one               100    10000 0.010000    5    5  0.10   10  16245     183.42  100.000   1.834     67.550    100.946      55.19   156.51
neighbors       equal           one               100    10000 0.010000    5    5  0.25    5  16345     202.68  100.000   2.027     69.210     98.845      50.14   165.01
neighbors       equal           one               100    10000 0.010000    5    5  0.25   10  16445     179.08  100.000   1.791     68.180    100.192      56.57   153.96
neighbors       equal           one               100    10000 0.010000    5   10  0.00    5  16545     202.63  100.000   2.026     68.480    100.018      49.99   162.66
neighbors       equal           one               100    10000 0.010000    5   10  0.00   10  16645     180.42  100.000   1.804     68.790     97.248      56.23   153.55
neighbors       equal           one               100    10000 0.010000    5   10  0.10    5  16745     199.01  100.000   1.990     69.570     98.365      50.84   160.34
neighbors       equal           one               100    10000 0.010000    5   10  0.10   10  16845     178.30  100.000   1.783     68.580     97.665      56.96   156.91
neighbors       equal           one               100    10000 0.010000    5   10  0.25    5  16945     200.92  100.000   2.009     69.590     96.998      50.30   168.01
neighbors       equal           one               100    10000 0.010000    5   10  0.25   10  17045     181.20  100.000   1.812     67.850     99.787      56.19   156.09
neighbors       equal           perStrength       100    10000 0.000000    5    5  0.00    5  17145      61.56   20.000   3.078     68.720     99.139     168.51   290.53
neighbors       equal           perStrength       100    10000 0.000000    5    5  0.00   10  17245      53.86   20.000   2.693     68.860     99.099     202.08   253.77
neighbors       equal           perStrength       100    10000 0.000000    5    5  0.10    5  17345      61.05   20.000   3.052     69.510     97.889     174.99   297.34
neighbors       equal           perStrength       100    10000 0.000000    5    5  0.10   10  17445      50.90   20.000   2.545     68.530     99.078     207.78   246.65
neighbors       equal           perStrength       100    10000 0.000000    5    5  0.25    5  17545      59.25   20.000   2.962     69.430     98.412     177.46   293.66
neighbors       equal           perStrength       100    10000 0.000000    5    5  0.25   10  17645      47.74   20.000   2.387     69.140     98.228     220.67   235.88
neighbors       equal           perStrength       100    10000 0.000000    5   10  0.00    5  17745      32.12   10.000   3.212     68.340     99.478     325.61   288.66
neighbors       equal           perStrength       100    10000 0.000000    5   10  0.00   10  17845      25.38   10.000   2.538     67.780     99.622     413.12   229.41
neighbors       equal           perStrength       100    10000 0.000000    5   10  0.10    5  17945      30.87   10.000   3.087     69.650     98.429     338.55   291.48
neighbors       equal           perStrength       100    10000 0.000000    5   10  0.10   10  18045      26.43   10.000   2.643     68.850     98.992     401.42   249.39
neighbors       equal           perStrength       100    10000 0.000000    5   10  0.25    5  18145      31.25   10.000   3.125     68.100     99.380     340.99   300.30
neighbors       equal           perStrength       100    10000 0.000000    5   10  0.25   10  18245      24.19   10.000   2.419     70.870     96.437     430.41   232.20
neighbors       equal           perStrength       100    10000 0.000100    5    5  0.00    5  18345      63.64   20.000   3.182     67.450     98.957     166.24   303.22
neighbors       equal           perStrength       100    10000 0.000100    5    5  0.00   10  18445      51.86   20.000   2.593     68.370     99.258     202.61   242.87
neighbors       equal           perStrength       100    10000 0.000100    5    5  0.10    5  18545      60.56   20.000   3.028     68.640     98.525     171.05   295.14
neighbors       equal           perStrength       100    10000 0.000100    5    5  0.10   10  18645      53.03   20.000   2.651     69.060     99.883     202.61   257.52
neighbors       equal           perStrength       100    10000 0.000100    5    5  0.25    5  18745      61.76   20.000   3.088     67.770     99.766     172.10   304.23
neighbors       equal           perStrength       100    10000 0.000100    5    5  0.25   10  18845      49.18   20.000   2.459     69.110     97.600     214.22   242.36
neighbors       equal           perStrength       100    10000 0.000100    5   10  0.00    5  18945      31.02   10.000   3.102     68.830     98.058     335.16   280.74
neighbors       equal           perStrength       100    10000 0.000100    5   10  0.00   10  19045      26.00   10.000   2.600     68.440    100.038     397.97   231.83
neighbors       equal           perStrength       100    10000 0.000100    5   10  0.10    5  19145      31.53   10.000   3.153     68.080     99.626     331.25   296.20
neighbors       equal           perStrength       100    10000 0.000100    5   10  0.10   10  19245      25.10   10.000   2.510     69.560     98.349     413.46   234.12
neighbors       equal           perStrength       100    10000 0.000100    5   10  0.25    5  19345      30.36   10.000   3.036     68.890     98.207     346.80   291.86
neighbors       equal           perStrength       100    10000 0.000100    5   10  0.25   10  19445      25.67   10.000   2.567     68.850     98.175     418.05   243.80
neighbors       equal           perStrength       100    10000 0.001000    5    5  0.00    5  19545      61.77   20.000   3.089     68.580    100.005     172.79   291.28
neighbors       equal           perStrength       100    10000 0.001000    5    5  0.00   10  19645      54.07   20.000   2.704     68.540     98.957     195.75   252.81
neighbors       equal           perStrength       100    10000 0.001000    5    5  0.10    5  19745      58.94   20.000   2.947     67.180     99.151     177.57   285.29
neighbors       equal           perStrength       100    10000 0.001000    5    5  0.10   10  19845      50.25   20.000   2.513     68.310     98.798     209.95   240.83
neighbors       equal           perStrength       100    10000 0.001000    5    5  0.25    5  19945      58.35   20.000   2.917     68.930     98.588     180.32   286.10
neighbors       equal           perStrength       100    10000 0.001000    5    5  0.25   10  20045      48.05   20.000   2.402     69.560     98.817     218.23   235.65
neighbors       equal           perStrength       100    10000 0.001000    5   10  0.00    5  20145      31.29   10.000   3.129     67.500     99.488     336.47   279.50
neighbors       equal           perStrength       100    10000 0.001000    5   10  0.00   10  20245      25.70   10.000   2.570     67.700    100.677     402.77   233.27
neighbors       equal           perStrength       100    10000 0.001000    5   10  0.10    5  20345      31.77   10.000   3.177     68.220     99.447     330.14   295.74
neighbors       equal           perStrength       100    10000 0.001000    5   10  0.10   10  20445      25.13   10.000   2.513     67.900     98.896     413.42   233.47
neighbors       equal           perStrength       100    10000 0.001000    5   10  0.25    5  20545      30.37   10.000   3.037     67.430     99.277     346.50   292.06
neighbors       equal           perStrength       100    10000 0.001000    5   10  0.25   10  20645      24.55   10.000   2.455     70.450     97.246     427.22   232.51
neighbors       equal           perStrength       100    10000 0.010000    5    5  0.00    5  20745      53.04   20.000   2.652     68.270     98.868     195.28   233.50
neighbors       equal           perStrength       100    10000 0.010000    5    5  0.00   10  20845      47.41   20.000   2.370     67.810     98.388     216.82   212.16
neighbors       equal           perStrength       100    10000 0.010000    5    5  0.10    5  20945      51.80   20.000   2.590     69.900     98.193     199.10   240.23
neighbors       equal           perStrength       100    10000 0.010000    5    5  0.10   10  21045      46.59   20.000   2.330     69.250     98.498     221.80   214.24
neighbors       equal           perStrength       100    10000 0.010000    5    5  0.25    5  21145      49.71   20.000   2.486     68.380     99.098     205.21   229.71
neighbors       equal           perStrength       100    10000 0.010000    5    5  0.25   10  21245      45.05   20.000   2.252     68.650     98.932     229.84   216.41
neighbors       equal           perStrength       100    10000 0.010000    5   10  0.00    5  21345      28.75   10.000   2.875     66.900     99.938     358.05   251.34
neighbors       equal           perStrength       100    10000 0.010000    5   10  0.00   10  21445      25.34   10.000   2.534     68.910     99.001     407.03   224.32
neighbors       equal           perStrength       100    10000 0.010000    5   10  0.10    5  21545      29.79   10.000   2.979     68.940     99.641     347.08   265.12
neighbors       equal           perStrength       100    10000 0.010000    5   10  0.10   10  21645      25.56   10.000   2.556     68.950     96.743     408.49   229.47
neighbors       equal           perStrength       100    10000 0.010000    5   10  0.25    5  21745      28.12   10.000   2.812     69.300     98.070     367.56   260.35
neighbors       equal           perStrength       100    10000 0.010000    5   10  0.25   10  21845      23.15   10.000   2.315     69.950     99.071     445.14   215.03
neighbors       randomUniform   one               100    10000 0.000000    5    5  0.00    5  21945     327.41  100.000   3.274     69.050     99.959      33.06   324.33
neighbors       randomUniform   one               100    10000 0.000000    5    5  0.00   10  22045     275.20  100.000   2.752     68.480    100.058      38.96   272.04
neighbors       randomUniform   one               100    10000 0.000000    5    5  0.10    5  22145     320.13  100.000   3.201     68.080     99.838      33.50   319.91
neighbors       randomUniform   one               100    10000 0.000000    5    5  0.10   10  22245     266.49  100.000   2.665     68.200     98.040      40.08   266.05
neighbors       randomUniform   one               100    10000 0.000000    5    5  0.25    5  22345     292.21  100.000   2.922     68.160    100.731      35.93   292.02
neighbors       randomUniform   one               100    10000 0.000000    5    5  0.25   10  22445     243.49  100.000   2.435     68.680     98.908      43.62   242.83
neighbors       randomUniform   one               100    10000 0.000000    5   10  0.00    5  22545     309.02  100.000   3.090     68.960     99.033      33.91   305.87
neighbors       randomUniform   one               100    10000 0.000000    5   10  0.00   10  22645     266.77  100.000   2.668     69.620     97.998      40.30   263.31
neighbors       randomUniform   one               100    10000 0.000000    5   10  0.10    5  22745     318.94  100.000   3.189     68.620     99.951      33.58   318.42
neighbors       randomUniform   one               100    10000 0.000000    5   10  0.10   10  22845     268.87  100.000   2.689     67.490     99.905      39.24   268.69
neighbors       randomUniform   one               100    10000 0.000000    5   10  0.25    5  22945     286.97  100.000   2.870     69.170     97.566      36.96   286.66
neighbors       randomUniform   one               100    10000 0.000000    5   10  0.25   10  23045     251.18  100.000   2.512     68.680     99.826      42.13   251.07
neighbors       randomUniform   one               100    10000 0.000100    5    5  0.00    5  23145     300.84  100.000   3.008     68.210     98.214      35.14   297.06
neighbors       randomUniform   one               100    10000 0.000100    5    5  0.00   10  23245     268.57  100.000   2.686     66.850     99.667      39.97   265.29
neighbors       randomUniform   one               100    10000 0.000100    5    5  0.10    5  23345     309.04  100.000   3.090     68.800     99.835      34.25   305.40
neighbors       randomUniform   one               100    10000 0.000100    5    5  0.10   10  23445     268.37  100.000   2.684     68.110    100.260      40.34   264.40
neighbors       randomUniform   one               100    10000 0.000100    5    5  0.25    5  23545     283.95  100.000   2.839     69.070     98.999      37.28   279.15
neighbors       randomUniform   one               100    10000 0.000100    5    5  0.25   10  23645     241.31  100.000   2.413     69.140     98.766      43.66   240.52
neighbors       randomUniform   one               100    10000 0.000100    5   10  0.00    5  23745     325.62  100.000   3.256     67.940    100.650      33.13   319.82
neighbors       randomUniform   one               100    10000 0.000100    5   10  0.00   10  23845     259.71  100.000   2.597     70.060     98.520      40.69   256.82
neighbors       randomUniform   one               100    10000 0.000100    5   10  0.10    5  23945     302.48  100.000   3.025     67.790     99.572      34.65   300.80
neighbors       randomUniform   one               100    10000 0.000100    5   10  0.10   10  24045     266.13  100.000   2.661     68.370    100.211      40.21   265.31
neighbors       randomUniform   one               100    10000 0.000100    5   10  0.25    5  24145     282.82  100.000   2.828     68.730     98.352      36.88   281.52
neighbors       randomUniform   one               100    10000 0.000100    5   10  0.25   10  24245     251.59  100.000   2.516     68.320     99.373      42.21   250.69
neighbors       randomUniform   one               100    10000 0.001000    5    5  0.00    5  24345     274.43  100.000   2.744     68.150     98.755      38.13   260.47
neighbors       randomUniform   one               100    10000 0.001000    5    5  0.00   10  24445     235.65  100.000   2.357     68.750     98.638      44.22   225.96
neighbors       randomUniform   one               100    10000 0.001000    5    5  0.10    5  24545     265.93  100.000   2.659     68.510     99.191      38.79   258.85
neighbors       randomUniform   one               100    10000 0.001000    5    5  0.10   10  24645     247.70  100.000   2.477     69.690     97.251      42.48   238.29
neighbors       randomUniform   one               100    10000 0.001000    5    5  0.25    5  24745     258.44  100.000   2.584     69.420     97.613      40.21   246.98
neighbors       randomUniform   one               100    10000 0.001000    5    5  0.25   10  24845     222.67  100.000   2.227     66.700    101.214      46.55   214.59
neighbors       randomUniform   one               100    10000 0.001000    5   10  0.00    5  24945     273.82  100.000   2.738     68.520     99.066      37.83   261.85
neighbors       randomUniform   one               100    10000 0.001000    5   10  0.00   10  25045     248.95  100.000   2.490     68.210     99.952      42.21   240.13
neighbors       randomUniform   one               100    10000 0.001000    5   10  0.10    5  25145     267.85  100.000   2.679     68.520     99.156      38.77   255.90
neighbors       randomUniform   one               100    10000 0.001000    5   10  0.10   10  25245     243.78  100.000   2.438     68.360     98.443      42.99   236.82
neighbors       randomUniform   one               100    10000 0.001000    5   10  0.25    5  25345     267.23  100.000   2.672     68.820     99.226      38.68   258.94
neighbors       randomUniform   one               100    10000 0.001000    5   10  0.25   10  25445     233.34  100.000   2.333     67.700    101.140      45.05   224.59
neighbors       randomUniform   one               100    10000 0.010000    5    5  0.00    5  25545     200.57  100.000   2.006     68.700     98.414      50.65   163.40
neighbors       randomUniform   one               100    10000 0.010000    5    5  0.00   10  25645     183.36  100.000   1.834     68.160     99.976      55.24   157.30
neighbors       randomUniform   one               100    10000 0.010000    5    5  0.10    5  25745     195.46  100.000   1.955     68.960     99.240      51.82   160.73
neighbors       randomUniform   one               100    10000 0.010000    5    5  0.10   10  25845     178.39  100.000   1.784     68.700     98.152      56.67   154.62
neighbors       randomUniform   one               100    10000 0.010000    5    5  0.25    5  25945     205.94  100.000   2.059     68.150    100.359      49.20   165.45
neighbors       randomUniform   one               100    10000 0.010000    5    5  0.25   10  26045     179.20  100.000   1.792     69.020     99.290      56.57   156.64
neighbors       randomUniform   one               100    10000 0.010000    5   10  0.00    5  26145     202.86  100.000   2.029     68.230     98.880      50.00   160.92
neighbors       randomUniform   one               100    10000 0.010000    5   10  0.00   10  26245     181.79  100.000   1.818     68.820     99.039      55.51   155.46
neighbors       randomUniform   one               100    10000 0.010000    5   10  0.10    5  26345     198.39  100.000   1.984     69.070     98.785      51.20   160.29
neighbors       randomUniform   one               100    10000 0.010000    5   10  0.10   10  26445     180.80  100.000   1.808     68.220     99.849      55.93   152.72
neighbors       randomUniform   one               100    10000 0.010000    5   10  0.25    5  26545     202.93  100.000   2.029     69.330     98.825      50.12   165.39
neighbors       randomUniform   one               100    10000 0.010000    5   10  0.25   10  26645     179.94  100.000   1.799     69.270     97.840      56.40   156.38
neighbors       randomUniform   perStrength       100    10000 0.000000    5    5  0.00    5  26745     143.69   33.211   4.327     67.940     98.973      80.00   342.82
neighbors       randomUniform   perStrength       100    10000 0.000000    5    5  0.00   10  26845     117.00   33.608   3.481     68.090    100.345      98.92   294.21
neighbors       randomUniform   perStrength       100    10000 0.000000    5    5  0.10    5  26945     149.45   33.634   4.443     69.210     99.146      76.38   333.48
neighbors       randomUniform   perStrength       100    10000 0.000000    5    5  0.10   10  27045     123.16   33.225   3.707     68.760     99.221      97.37   299.87
neighbors       randomUniform   perStrength       100    10000 0.000000    5    5  0.25    5  27145     150.11   33.262   4.513     68.370    100.935      77.18   357.14
neighbors       randomUniform   perStrength       100    10000 0.000000    5    5  0.25   10  27245     119.05   33.552   3.548     69.360     96.965      98.60   288.63
neighbors       randomUniform   perStrength       100    10000 0.000000    5   10  0.00    5  27345      94.54   18.218   5.189     68.980     99.009     127.68   347.43
neighbors       randomUniform   perStrength       100    10000 0.000000    5   10  0.00   10  27445      70.18   18.227   3.850     68.310     98.872     175.96   302.90
neighbors       randomUniform   perStrength       100    10000 0.000000    5   10  0.10    5  27545     102.17   18.109   5.642     68.840     98.518     117.31   338.45
neighbors       randomUniform   perStrength       100    10000 0.000000    5   10  0.10   10  27645      75.21   18.107   4.154     68.100    100.422     158.71   298.79
neighbors       randomUniform   perStrength       100    10000 0.000000    5   10  0.25    5  27745      98.94   18.277   5.414     69.100     96.755     124.33   328.49
neighbors       randomUniform   perStrength       100    10000 0.000000    5   10  0.25   10  27845      77.20   18.377   4.201     67.910     98.780     157.18   289.47
neighbors       randomUniform   perStrength       100    10000 0.000100    5    5  0.00    5  27945     147.31   33.466   4.402     67.690    100.657      76.65   337.44
neighbors       randomUniform   perStrength       100    10000 0.000100    5    5  0.00   10  28045     103.81   33.517   3.097     68.790     98.177     106.60   285.50
neighbors       randomUniform   perStrength       100    10000 0.000100    5    5  0.10    5  28145     146.88   33.310   4.409     67.990    100.574      76.89   339.09
neighbors       randomUniform   perStrength       100    10000 0.000100    5    5  0.10   10  28245     122.24   33.257   3.676     68.500    100.340      96.86   296.85
neighbors       randomUniform   perStrength       100    10000 0.000100    5    5  0.25    5  28345     145.61   33.306   4.372     68.550     98.718      78.03   327.05
neighbors       randomUniform   perStrength       100    10000 0.000100    5    5  0.25   10  28445     114.36   33.437   3.420     69.360     98.611     101.63   285.09
neighbors       randomUniform   perStrength       100    10000 0.000100    5   10  0.00    5  28545      91.36   18.049   5.062     68.130     98.759     128.39   346.79
neighbors       randomUniform   perStrength       100    10000 0.000100    5   10  0.00   10  28645      66.23   18.192   3.641     68.410     99.242     173.03   291.73
neighbors       randomUniform   perStrength       100    10000 0.000100    5   10  0.10    5  28745      96.52   18.276   5.281     68.200    100.679     122.77   362.61
neighbors       randomUniform   perStrength       100    10000 0.000100    5   10  0.10   10  28845      73.13   18.205   4.017     68.290     99.632     169.02   297.75
neighbors       randomUniform   perStrength       100    10000 0.000100    5   10  0.25    5  28945     116.57   18.235   6.393     68.340     99.140     107.68   340.29
neighbors       randomUniform   perStrength       100    10000 0.000100    5   10  0.25   10  29045      76.83   18.312   4.196     68.910     98.389     155.71   295.88
neighbors       randomUniform   perStrength       100    10000 0.001000    5    5  0.00    5  29145     135.39   33.392   4.055     68.370    100.540      82.59   331.04
neighbors       randomUniform   perStrength       100    10000 0.001000    5    5  0.00   10  29245     105.50   33.246   3.173     68.780     99.056     108.55   278.16
neighbors       randomUniform   perStrength       100    10000 0.001000    5    5  0.10    5  29345     133.18   33.245   4.006     69.660     97.066      84.40   307.69
neighbors       randomUniform   perStrength       100    10000 0.001000    5    5  0.10   10  29445     112.96   33.565   3.365     68.870     99.237      99.95   287.62
neighbors       randomUniform   perStrength       100    10000 0.001000    5    5  0.25    5  29545     136.60   33.527   4.074     68.720     98.898      83.74   317.84
neighbors       randomUniform   perStrength       100    10000 0.001000    5    5  0.25   10  29645     104.77   33.188   3.157     68.480     99.234     104.82   266.08
neighbors       randomUniform   perStrength       100    10000 0.001000    5   10  0.00    5  29745      82.83   18.290   4.529     69.720     98.180     140.16   335.95
neighbors       randomUniform   perStrength       100    10000 0.001000    5   10  0.00   10  29845      64.96   18.139   3.581     69.620     98.610     171.32   297.40
neighbors       randomUniform   perStrength       100    10000 0.001000    5   10  0.10    5  29945      82.96   18.123   4.578     67.660    100.210     135.97   345.58
neighbors       randomUniform   perStrength       100    10000 0.001000    5   10  0.10   10  30045      74.20   18.170   4.084     69.150     98.365     164.79   290.81
neighbors       randomUniform   perStrength       100    10000 0.001000    5   10  0.25    5  30145     107.87   18.225   5.919     69.180     98.009     116.04   324.05
neighbors       randomUniform   perStrength       100    10000 0.001000    5   10  0.25   10  30245      78.49   18.247   4.301     68.560     98.962     149.64   278.79
neighbors       randomUniform   perStrength       100    10000 0.010000    5    5  0.00    5  30345      97.33   33.389   2.915     68.970     98.095     105.81   257.17
neighbors       randomUniform   perStrength       100    10000 0.010000    5    5  0.00   10  30445      79.77   33.336   2.393     68.260     99.066     129.18   237.66
neighbors       randomUniform   perStrength       100    10000 0.010000    5    5  0.10    5  30545      95.94   33.415   2.871     68.050     97.267     108.12   259.49
neighbors       randomUniform   perStrength       100    10000 0.010000    5    5  0.10   10  30645      82.93   33.132   2.503     67.850    100.627     125.14   240.14
neighbors       randomUniform   perStrength       100    10000 0.010000    5    5  0.25    5  30745      98.53   33.218   2.966     68.350     99.513     104.94   264.88
neighbors       randomUniform   perStrength       100    10000 0.010000    5    5  0.25   10  30845      86.22   33.373   2.584     67.950    100.047     121.36   238.76
neighbors       randomUniform   perStrength       100    10000 0.010000    5   10  0.00    5  30945      66.31   18.188   3.646     68.900     99.879     159.97   290.82
neighbors       randomUniform   perStrength       100    10000 0.010000    5   10  0.00   10  31045      52.42   18.274   2.869     68.580     98.388     200.20   261.94
neighbors       randomUniform   perStrength       100    10000 0.010000    5   10  0.10    5  31145      66.46   18.257   3.640     68.580     99.949     160.35   285.94
neighbors       randomUniform   perStrength       100    10000 0.010000    5   10  0.10   10  31245      58.86   18.315   3.214     67.240    100.030     181.68   263.36
neighbors       randomUniform   perStrength       100    10000 0.010000    5   10  0.25    5  31345      70.76   18.072   3.916     68.170    100.823     150.54   289.89
neighbors       randomUniform   perStrength       100    10000 0.010000    5   10  0.25   10  31445      60.39   18.299   3.300     68.550     99.801     180.93   259.20
