invite          equal           one              1000   100000 0.000000    5    5  0.00    5  12345     567.31  100.000   5.673     69.410    100.305     180.69   564.73
invite          equal           one              1000   100000 0.000000    5    5  0.00   10  12445     577.96  100.000   5.780     69.000    100.280     179.76   574.85
invite          equal           one              1000   100000 0.000000    5    5  0.10    5  12545     563.55  100.000   5.635     69.080    100.198     182.81   563.13
invite          equal           one              1000   100000 0.000000    5    5  0.10   10  12645     567.31  100.000   5.673     69.000    100.231     182.60   566.89
invite          equal           one              1000   100000 0.000000    5    5  0.25    5  12745     577.95  100.000   5.780     68.980    100.552     179.60   577.95
invite          equal           one              1000   100000 0.000000    5    5  0.25   10  12845     582.63  100.000   5.826     69.020    100.482     177.37   582.63
invite          equal           one              1000   100000 0.000000    5   10  0.00    5  12945     586.83  100.000   5.868     69.360    100.222     177.03   584.09
invite          equal           one              1000   100000 0.000000    5   10  0.00   10  13045     574.60  100.000   5.746     69.180    100.473     180.94   571.39
invite          equal           one              1000   100000 0.000000    5   10  0.10    5  13145     560.01  100.000   5.600     68.580    100.845     184.12   559.81
invite          equal           one              1000   100000 0.000000    5   10  0.10   10  13245     559.06  100.000   5.591     68.600    100.758     184.62   558.89
invite          equal           one              1000   100000 0.000000    5   10  0.25    5  13345     572.79  100.000   5.728     68.620    100.754     181.01   572.79
invite          equal           one              1000   100000 0.000000    5   10  0.25   10  13445     556.76  100.000   5.568     69.350    100.175     186.78   556.76
invite          equal           perStrength      1000   100000 0.000000    5    5  0.00    5  13545     116.61   20.000   5.830     69.250    100.267     893.09   564.56
invite          equal           perStrength      1000   100000 0.000000    5    5  0.00   10  13645     122.16   20.000   6.108     68.840    100.854     850.64   592.30
invite          equal           perStrength      1000   100000 0.000000    5    5  0.10    5  13745     113.99   20.000   5.699     68.920    100.088     902.41   561.89
invite          equal           perStrength      1000   100000 0.000000    5    5  0.10   10  13845     117.54   20.000   5.877     68.840    100.486     891.74   580.54
invite          equal           perStrength      1000   100000 0.000000    5    5  0.25    5  13945     113.82   20.000   5.691     68.830    100.450     903.86   566.31
invite          equal           perStrength      1000   100000 0.000000    5    5  0.25   10  14045     115.93   20.000   5.796     69.640     99.806     899.37   577.60
invite          equal           perStrength      1000   100000 0.000000    5   10  0.00    5  14145      58.75   10.000   5.875     69.060    100.488    1750.39   551.23
invite          equal           perStrength      1000   100000 0.000000    5   10  0.00   10  14245      60.38   10.000   6.038     68.690    100.945    1724.07   567.51
invite          equal           perStrength      1000   100000 0.000000    5   10  0.10    5  14345      58.06   10.000   5.806     68.750    100.657    1763.78   557.82
invite          equal           perStrength      1000   100000 0.000000    5   10  0.10   10  14445      57.61   10.000   5.761     69.240    100.396    1798.06   554.09
invite          equal           perStrength      1000   100000 0.000000    5   10  0.25    5  14545      58.00   10.000   5.800     68.930    100.867    1784.03   568.70
invite          equal           perStrength      1000   100000 0.000000    5   10  0.25   10  14645      59.07   10.000   5.907     69.320    100.321    1755.91   579.36
invite          randomUniform   one              1000   100000 0.000000    5    5  0.00    5  14745     578.26  100.000   5.783     69.310    100.360     178.48   574.30
invite          randomUniform   one              1000   100000 0.000000    5    5  0.00   10  14845     566.83  100.000   5.668     69.570     99.928     181.67   564.53
invite          randomUniform   one              1000   100000 0.000000    5    5  0.10    5  14945     578.58  100.000   5.786     69.340    100.329     180.67   578.40
invite          randomUniform   one              1000   100000 0.000000    5    5  0.10   10  15045     557.99  100.000   5.580     68.980    100.441     184.84   557.79
invite          randomUniform   one              1000   100000 0.000000    5    5  0.25    5  15145     565.90  100.000   5.659     69.060    100.457     182.07   565.87
invite          randomUniform   one              1000   100000 0.000000    5    5  0.25   10  15245     568.19  100.000   5.682     69.090    100.270     180.98   568.19
invite          randomUniform   one              1000   100000 0.000000    5   10  0.00    5  15345     561.57  100.000   5.616     69.380    100.378     183.74   558.73
invite          randomUniform   one              1000   100000 0.000000    5   10  0.00   10  15445     557.35  100.000   5.574     69.550    100.460     184.41   554.29
invite          randomUniform   one              1000   100000 0.000000    5   10  0.10    5  15545     553.42  100.000   5.534     69.160     99.935     186.53   553.32
invite          randomUniform   one              1000   100000 0.000000    5   10  0.10   10  15645     582.12  100.000   5.821     69.360    100.524     178.95   581.94
invite          randomUniform   one              1000   100000 0.000000    5   10  0.25    5  15745     564.25  100.000   5.643     69.100    100.275     182.82   564.25
invite          randomUniform   one              1000   100000 0.000000    5   10  0.25   10  15845     539.96  100.000   5.400     69.410     99.844     190.95   539.96
invite          randomUniform   perStrength      1000   100000 0.000000    5    5  0.00    5  15945     343.07   33.376  10.279     68.830    100.231     316.68   567.58
invite          randomUniform   perStrength      1000   100000 0.000000    5    5  0.00   10  16045     346.46   33.389  10.376     69.210    100.194     316.29   582.53
invite          randomUniform   perStrength      1000   100000 0.000000    5    5  0.10    5  16145     370.52   33.447  11.078     69.730     99.635     287.91   556.54
invite          randomUniform   perStrength      1000   100000 0.000000    5    5  0.10   10  16245     357.78   33.313  10.740     68.630    100.689     298.20   578.22
invite          randomUniform   perStrength      1000   100000 0.000000    5    5  0.25    5  16345     425.06   33.393  12.729     68.700    100.822     253.06   584.53
invite          randomUniform   perStrength      1000   100000 0.000000    5    5  0.25   10  16445     429.98   33.251  12.931     68.820    100.983     245.91   592.47
invite          randomUniform   perStrength      1000   100000 0.000000    5   10  0.00    5  16545     254.40   18.170  14.001     69.230     99.987     438.97   573.79
invite          randomUniform   perStrength      1000   100000 0.000000    5   10  0.00   10  16645     252.19   18.154  13.892     68.970    100.267     442.58   573.38
invite          randomUniform   perStrength      1000   100000 0.000000    5   10  0.10    5  16745     304.06   18.164  16.740     69.230    100.104     359.26   580.32
invite          randomUniform   perStrength      1000   100000 0.000000    5   10  0.10   10  16845     305.94   18.184  16.825     69.020    100.175     359.22   577.69
invite          randomUniform   perStrength      1000   100000 0.000000    5   10  0.25    5  16945     339.32   18.115  18.732     68.920    100.192     321.68   569.58
invite          randomUniform   perStrength      1000   100000 0.000000    5   10  0.25   10  17045     334.00   18.166  18.386     69.050    100.682     322.65   570.29
