randomInjection equal           one              1000  1000000 0.000000    5    5  0.00   -1  12345    1167.02 1000.000   1.167    695.380    998.523     857.04  1121.72
randomInjection equal           one              1000  1000000 0.000000    5    5  0.10   -1  12445    1138.88 1000.000   1.139    692.310    997.831     878.23  1123.78
randomInjection equal           one              1000  1000000 0.000000    5    5  0.25   -1  12545    1164.23 1000.000   1.164    692.300    996.982     859.13  1152.17
randomInjection equal           one              1000  1000000 0.000000    5   10  0.00   -1  12645    1164.74 1000.000   1.165    692.910    997.894     858.70  1121.51
randomInjection equal           one              1000  1000000 0.000000    5   10  0.10   -1  12745    1121.31 1000.000   1.121    692.490   1001.378     891.94  1115.80
randomInjection equal           one              1000  1000000 0.000000    5   10  0.25   -1  12845    1160.35 1000.000   1.160    692.130   1000.379     861.96  1151.62
randomInjection equal           one              1000  1000000 0.000100    5    5  0.00   -1  12945    1170.45 1000.000   1.170    694.330    998.253     854.62  1125.75
randomInjection equal           one              1000  1000000 0.000100    5    5  0.10   -1  13045    1140.92 1000.000   1.141    694.550    999.896     876.66  1126.59
randomInjection equal           one              1000  1000000 0.000100    5    5  0.25   -1  13145    1163.72 1000.000   1.164    687.720   1004.032     859.57  1153.45
randomInjection equal           one              1000  1000000 0.000100    5   10  0.00   -1  13245    1168.72 1000.000   1.169    686.690   1002.944     855.90  1123.98
randomInjection equal           one              1000  1000000 0.000100    5   10  0.10   -1  13345    1124.23 1000.000   1.124    686.750   1003.411     889.70  1119.61
randomInjection equal           one              1000  1000000 0.000100    5   10  0.25   -1  13445    1161.99 1000.000   1.162    696.690    997.339     860.83  1151.90
randomInjection equal           one              1000  1000000 0.001000    5    5  0.00   -1  13545    1196.34 1000.000   1.196    693.170    998.219     836.24  1139.11
randomInjection equal           one              1000  1000000 0.001000    5    5  0.10   -1  13645    1161.67 1000.000   1.162    689.330   1004.122     861.19  1132.38
randomInjection equal           one              1000  1000000 0.001000    5    5  0.25   -1  13745    1177.09 1000.000   1.177    691.120    996.654     850.01  1163.39
randomInjection equal           one              1000  1000000 0.001000    5   10  0.00   -1  13845    1195.59 1000.000   1.196    691.890   1000.225     836.79  1138.42
randomInjection equal           one              1000  1000000 0.001000    5   10  0.10   -1  13945    1139.78 1000.000   1.140    691.140   1000.141     877.76  1121.41
randomInjection equal           one              1000  1000000 0.001000    5   10  0.25   -1  14045    1170.33 1000.000   1.170    696.250    993.510     854.74  1157.53
randomInjection equal           one              1000  1000000 0.010000    5    5  0.00   -1  14145    1230.76 1000.000   1.231    690.850   1000.276     812.77   559.00
randomInjection equal           one              1000  1000000 0.010000    5    5  0.10   -1  14245    1183.57 1000.000   1.184    689.130   1004.890     845.11   622.18
randomInjection equal           one              1000  1000000 0.010000    5    5  0.25   -1  14345    1189.66 1000.000   1.190    689.550   1001.602     840.88   613.36
randomInjection equal           one              1000  1000000 0.010000    5   10  0.00   -1  14445    1228.50 1000.000   1.228    693.770    999.364     814.32   567.87
randomInjection equal           one              1000  1000000 0.010000    5   10  0.10   -1  14545    1171.65 1000.000   1.172    691.240   1004.366     853.71   648.32
randomInjection equal           one              1000  1000000 0.010000    5   10  0.25   -1  14645    1188.63 1000.000   1.189    692.980    998.536     841.44   655.35
randomInjection equal           perStrength      1000  1000000 0.000000    5    5  0.00   -1  14745     275.67  200.000   1.378    693.430    999.435    3629.09  1288.53
randomInjection equal           perStrength      1000  1000000 0.000000    5    5  0.10   -1  14845     261.38  200.000   1.307    697.720    994.679    3828.64  1271.17
randomInjection equal           perStrength      1000  1000000 0.000000    5    5  0.25   -1  14945     264.30  200.000   1.322    693.890    999.014    3786.16  1302.83
randomInjection equal           perStrength      1000  1000000 0.000000    5   10  0.00   -1  15045     155.50  100.000   1.555    690.140    998.670    6439.61  1421.16
randomInjection equal           perStrength      1000  1000000 0.000000    5   10  0.10   -1  15145     140.67  100.000   1.407    691.150    999.397    7117.93  1358.43
randomInjection equal           perStrength      1000  1000000 0.000000    5   10  0.25   -1  15245     134.19  100.000   1.342    692.510    996.879    7460.59  1331.12
randomInjection equal           perStrength      1000  1000000 0.000100    5    5  0.00   -1  15345     278.55  200.000   1.393    693.290   1000.264    3593.07  1298.76
randomInjection equal           perStrength      1000  1000000 0.000100    5    5  0.10   -1  15445     261.75  200.000   1.309    696.310   1000.464    3823.11  1264.92
randomInjection equal           perStrength      1000  1000000 0.000100    5    5  0.25   -1  15545     263.97  200.000   1.320    692.790    995.399    3790.85  1303.23
randomInjection equal           perStrength      1000  1000000 0.000100    5   10  0.00   -1  15645     155.95  100.000   1.559    693.600   1000.710    6419.50  1435.45
randomInjection equal           perStrength      1000  1000000 0.000100    5   10  0.10   -1  15745     140.90  100.000   1.409    691.880    999.052    7106.07  1356.54
randomInjection equal           perStrength      1000  1000000 0.000100    5   10  0.25   -1  15845     134.86  100.000   1.349    693.680    994.459    7423.55  1334.94
randomInjection equal           perStrength      1000  1000000 0.001000    5    5  0.00   -1  15945     279.51  200.000   1.398    691.050    997.687    3580.50  1297.81
randomInjection equal           perStrength      1000  1000000 0.001000    5    5  0.10   -1  16045     263.44  200.000   1.317    693.520    997.216    3798.89  1278.30
randomInjection equal           perStrength      1000  1000000 0.001000    5    5  0.25   -1  16145     266.56  200.000   1.333    698.440    991.462    3755.26  1317.86
randomInjection equal           perStrength      1000  1000000 0.001000    5   10  0.00   -1  16245     155.82  100.000   1.558    686.980   1002.570    6425.84  1431.81
randomInjection equal           perStrength      1000  1000000 0.001000    5   10  0.10   -1  16345     142.47  100.000   1.425    689.840   1003.306    7030.13  1372.76
randomInjection equal           perStrength      1000  1000000 0.001000    5   10  0.25   -1  16445     135.53  100.000   1.355    690.710   1004.947    7388.96  1335.04
randomInjection equal           perStrength      1000  1000000 0.010000    5    5  0.00   -1  16545     294.30  200.000   1.472    692.460    995.581    3401.16  1276.04
randomInjection equal           perStrength      1000  1000000 0.010000    5    5  0.10   -1  16645     275.18  200.000   1.376    692.430    999.268    3637.91  1272.96
randomInjection equal           perStrength      1000  1000000 0.010000    5    5  0.25   -1  16745     274.03  200.000   1.370    692.980    996.863    3653.08  1305.63
randomInjection equal           perStrength      1000  1000000 0.010000    5   10  0.00   -1  16845     163.91  100.000   1.639    690.900    997.653    6110.58  1442.12
randomInjection equal           perStrength      1000  1000000 0.010000    5   10  0.10   -1  16945     149.66  100.000   1.497    691.950    997.814    6696.27  1398.71
randomInjection equal           perStrength      1000  1000000 0.010000    5   10  0.25   -1  17045     141.43  100.000   1.414    690.510   1002.657    7080.06  1372.74
randomInjection randomUniform   one              1000  1000000 0.000000    5    5  0.00   -1  17145    1170.74 1000.000   1.171    691.220    993.175     854.36  1127.35
randomInjection randomUniform   one              1000  1000000 0.000000    5    5  0.10   -1  17245    1154.71 1000.000   1.155    693.470    996.484     866.17  1135.57
randomInjection randomUniform   one              1000  1000000 0.000000    5    5  0.25   -1  17345    1179.49 1000.000   1.179    689.930   1001.540     848.00  1168.40
randomInjection randomUniform   one              1000  1000000 0.000000    5   10  0.00   -1  17445    1164.63 1000.000   1.165    690.210    999.340     858.80  1123.48
randomInjection randomUniform   one              1000  1000000 0.000000    5   10  0.10   -1  17545    1141.53 1000.000   1.142    690.110    998.554     876.19  1132.66
randomInjection randomUniform   one              1000  1000000 0.000000    5   10  0.25   -1  17645    1177.96 1000.000   1.178    690.160   1003.097     849.20  1169.86
randomInjection randomUniform   one              1000  1000000 0.000100    5    5  0.00   -1  17745    1175.75 1000.000   1.176    693.100    996.577     850.75  1128.72
randomInjection randomUniform   one              1000  1000000 0.000100    5    5  0.10   -1  17845    1161.22 1000.000   1.161    691.940   1000.963     861.37  1137.43
randomInjection randomUniform   one              1000  1000000 0.000100    5    5  0.25   -1  17945    1179.06 1000.000   1.179    693.470   1001.045     848.38  1165.03
randomInjection randomUniform   one              1000  1000000 0.000100    5   10  0.00   -1  18045    1172.00 1000.000   1.172    690.820    998.146     853.51  1127.98
randomInjection randomUniform   one              1000  1000000 0.000100    5   10  0.10   -1  18145    1145.11 1000.000   1.145    690.410   1003.699     873.47  1135.31
randomInjection randomUniform   one              1000  1000000 0.000100    5   10  0.25   -1  18245    1178.70 1000.000   1.179    693.290    994.715     848.59  1168.05
randomInjection randomUniform   one              1000  1000000 0.001000    5    5  0.00   -1  18345    1197.47 1000.000   1.197    689.390   1003.178     835.37  1137.39
randomInjection randomUniform   one              1000  1000000 0.001000    5    5  0.10   -1  18445    1180.77 1000.000   1.181    693.950    998.560     847.28  1143.90
randomInjection randomUniform   one              1000  1000000 0.001000    5    5  0.25   -1  18545    1189.23 1000.000   1.189    694.000   1000.361     841.24  1168.81
randomInjection randomUniform   one              1000  1000000 0.001000    5   10  0.00   -1  18645    1195.39 1000.000   1.195    690.400   1000.978     836.94  1137.68
randomInjection randomUniform   one              1000  1000000 0.001000    5   10  0.10   -1  18745    1166.48 1000.000   1.166    695.710    998.915     857.66  1142.39
randomInjection randomUniform   one              1000  1000000 0.001000    5   10  0.25   -1  18845    1184.04 1000.000   1.184    691.680   1002.700     844.88  1167.59
randomInjection randomUniform   one              1000  1000000 0.010000    5    5  0.00   -1  18945    1234.55 1000.000   1.235    693.810    995.931     810.31   545.43
randomInjection randomUniform   one              1000  1000000 0.010000    5    5  0.10   -1  19045    1206.78 1000.000   1.207    692.660    998.538     828.95   604.18
randomInjection randomUniform   one              1000  1000000 0.010000    5    5  0.25   -1  19145    1202.84 1000.000   1.203    688.520   1000.645     831.54   609.08
randomInjection randomUniform   one              1000  1000000 0.010000    5   10  0.00   -1  19245    1233.89 1000.000   1.234    690.020   1002.765     810.77   555.85
randomInjection randomUniform   one              1000  1000000 0.010000    5   10  0.10   -1  19345    1191.30 1000.000   1.191    690.680   1000.915     839.68   625.28
randomInjection randomUniform   one              1000  1000000 0.010000    5   10  0.25   -1  19445    1199.19 1000.000   1.199    694.540    994.462     834.15   625.43
randomInjection randomUniform   perStrength      1000  1000000 0.000000    5    5  0.00   -1  19545     499.47  333.952   1.496    694.630    995.954    2005.19  1905.41
randomInjection randomUniform   perStrength      1000  1000000 0.000000    5    5  0.10   -1  19645     492.42  333.506   1.476    693.990    994.979    2033.26  1897.92
randomInjection randomUniform   perStrength      1000  1000000 0.000000    5    5  0.25   -1  19745     508.94  333.305   1.527    695.630    998.565    1968.27  1913.97
randomInjection randomUniform   perStrength      1000  1000000 0.000000    5   10  0.00   -1  19845     344.59  182.108   1.892    692.480   1001.718    2911.16  2127.07
randomInjection randomUniform   perStrength      1000  1000000 0.000000    5   10  0.10   -1  19945     344.73  181.987   1.894    687.500   1002.442    2909.39  2090.49
randomInjection randomUniform   perStrength      1000  1000000 0.000000    5   10  0.25   -1  20045     356.41  182.292   1.955    690.680   1002.238    2814.09  2093.56
randomInjection randomUniform   perStrength      1000  1000000 0.000100    5    5  0.00   -1  20145     494.08  333.376   1.482    691.890    997.884    2026.78  1903.16
randomInjection randomUniform   perStrength      1000  1000000 0.000100    5    5  0.10   -1  20245     490.33  333.379   1.471    691.550   1001.170    2041.95  1895.73
randomInjection randomUniform   perStrength      1000  1000000 0.000100    5    5  0.25   -1  20345     506.59  333.831   1.518    692.520   1002.750    1977.29  1908.48
randomInjection randomUniform   perStrength      1000  1000000 0.000100    5   10  0.00   -1  20445     343.89  181.530   1.894    692.680   1000.167    2916.89  2107.87
randomInjection randomUniform   perStrength      1000  1000000 0.000100    5   10  0.10   -1  20545     340.32  181.901   1.871    695.250    996.235    2947.87  2079.55
randomInjection randomUniform   perStrength      1000  1000000 0.000100    5   10  0.25   -1  20645     352.49  182.035   1.936    695.550    996.393    2845.59  2084.52
randomInjection randomUniform   perStrength      1000  1000000 0.001000    5    5  0.00   -1  20745     499.20  332.460   1.502    692.340    996.492    2005.90  1891.84
randomInjection randomUniform   perStrength      1000  1000000 0.001000    5    5  0.10   -1  20845     492.95  333.526   1.478    692.890   1002.788    2031.10  1890.02
randomInjection randomUniform   perStrength      1000  1000000 0.001000    5    5  0.25   -1  20945     511.73  333.983   1.532    695.340    999.107    1957.79  1921.61
randomInjection randomUniform   perStrength      1000  1000000 0.001000    5   10  0.00   -1  21045     344.76  182.350   1.891    692.990    994.952    2910.91  2114.47
randomInjection randomUniform   perStrength      1000  1000000 0.001000    5   10  0.10   -1  21145     340.51  182.202   1.869    688.150   1003.018    2947.71  2087.51
randomInjection randomUniform   perStrength      1000  1000000 0.001000    5   10  0.25   -1  21245     352.84  182.089   1.938    692.470    997.282    2846.34  2091.67
randomInjection randomUniform   perStrength      1000  1000000 0.010000    5    5  0.00   -1  21345     504.72  333.434   1.514    693.480    998.544    1984.44  1631.57
randomInjection randomUniform   perStrength      1000  1000000 0.010000    5    5  0.10   -1  21445     493.36  333.571   1.479    692.750    998.890    2030.96  1692.06
randomInjection randomUniform   perStrength      1000  1000000 0.010000    5    5  0.25   -1  21545     489.49  333.110   1.469    693.060    999.359    2045.66  1718.71
randomInjection randomUniform   perStrength      1000  1000000 0.010000    5   10  0.00   -1  21645     335.28  182.005   1.842    691.020    996.853    2993.37  1934.80
randomInjection randomUniform   perStrength      1000  1000000 0.010000    5   10  0.10   -1  21745     324.06  181.671   1.784    693.370    998.589    3103.97  1971.12
randomInjection randomUniform   perStrength      1000  1000000 0.010000    5   10  0.25   -1  21845     328.43  182.022   1.804    690.530    999.582    3057.50  1955.10
