randomInjection equal           one               100   100000 0.000000    5    5  0.00   -1  12345    1129.21 1000.000   1.129    684.590    978.744      88.58  1089.33
randomInjection equal           one               100   100000 0.000000    5    5  0.10   -1  12445    1107.11 1000.000   1.107    693.330    981.175      90.34  1094.66
randomInjection equal           one               100   100000 0.000000    5    5  0.25   -1  12545    1128.21 1000.000   1.128    684.620    984.709      88.67  1117.55
randomInjection equal           one               100   100000 0.000000    5   10  0.00   -1  12645    1129.48 1000.000   1.129    686.640    999.063      88.56  1093.37
randomInjection equal           one               100   100000 0.000000    5   10  0.10   -1  12745    1091.74 1000.000   1.092    674.530    996.054      91.61  1089.13
randomInjection equal           one               100   100000 0.000000    5   10  0.25   -1  12845    1124.94 1000.000   1.125    698.640    973.396      88.92  1115.84
randomInjection equal           one               100   100000 0.000100    5    5  0.00   -1  12945    1134.33 1000.000   1.134    698.900    973.673      88.25  1093.93
randomInjection equal           one               100   100000 0.000100    5    5  0.10   -1  13045    1102.50 1000.000   1.103    684.170    987.570      90.78  1087.30
randomInjection equal           one               100   100000 0.000100    5    5  0.25   -1  13145    1130.23 1000.000   1.130    691.970    982.002      88.56  1112.13
randomInjection equal           one               100   100000 0.000100    5   10  0.00   -1  13245    1134.08 1000.000   1.134    685.580    989.842      88.25  1094.34
randomInjection equal           one               100   100000 0.000100    5   10  0.10   -1  13345    1091.98 1000.000   1.092    687.110    980.310      91.65  1086.27
randomInjection equal           one               100   100000 0.000100    5   10  0.25   -1  13445    1126.27 1000.000   1.126    682.650    979.253      88.87  1117.16
randomInjection equal           one               100   100000 0.001000    5    5  0.00   -1  13545    1154.44 1000.000   1.154    685.130    984.815      86.79  1094.25
randomInjection equal           one               100   100000 0.001000    5    5  0.10   -1  13645    1131.30 1000.000   1.131    694.380    968.623      88.56  1101.89
randomInjection equal           one               100   100000 0.001000    5    5  0.25   -1  13745    1136.51 1000.000   1.137    688.000    982.460      88.20  1111.20
randomInjection equal           one               100   100000 0.001000    5   10  0.00   -1  13845    1147.61 1000.000   1.148    672.950   1000.576      87.28  1086.08
randomInjection equal           one               100   100000 0.001000    5   10  0.10   -1  13945    1103.60 1000.000   1.104    681.420    994.261      90.79  1082.10
randomInjection equal           one               100   100000 0.001000    5   10  0.25   -1  14045    1146.91 1000.000   1.147    682.970    987.021      87.36  1125.63
randomInjection equal           one               100   100000 0.010000    5    5  0.00   -1  14145    1185.65 1000.000   1.186    702.880    969.699      84.42   385.67
randomInjection equal           one               100   100000 0.010000    5    5  0.10   -1  14245    1144.06 1000.000   1.144    681.850    995.477      87.48   411.33
randomInjection equal           one               100   100000 0.010000    5    5  0.25   -1  14345    1149.81 1000.000   1.150    691.290    987.725      87.03   406.11
randomInjection equal           one               100   100000 0.010000    5   10  0.00   -1  14445    1179.65 1000.000   1.180    688.750    988.075      84.84   376.89
randomInjection equal           one               100   100000 0.010000    5   10  0.10   -1  14545    1136.45 1000.000   1.136    690.240    984.387      88.07   425.33
randomInjection equal           one               100   100000 0.010000    5   10  0.25   -1  14645    1148.62 1000.000   1.149    685.630    992.033      87.13   442.94
randomInjection equal           perStrength       100   100000 0.000000    5    5  0.00   -1  14745     261.52  200.000   1.308    691.310    985.557     382.83  1216.27
randomInjection equal           perStrength       100   100000 0.000000    5    5  0.10   -1  14845     245.34  200.000   1.227    685.870    988.410     408.04  1199.12
randomInjection equal           perStrength       100   100000 0.000000    5    5  0.25   -1  14945     249.47  200.000   1.247    683.160    989.778     401.26  1234.03
randomInjection equal           perStrength       100   100000 0.000000    5   10  0.00   -1  15045     144.22  100.000   1.442    686.110    980.641     694.73  1318.23
randomInjection equal           perStrength       100   100000 0.000000    5   10  0.10   -1  15145     129.87  100.000   1.299    684.190    986.103     771.32  1263.14
randomInjection equal           perStrength       100   100000 0.000000    5   10  0.25   -1  15245     126.50  100.000   1.265    683.800    985.760     791.87  1255.52
randomInjection equal           perStrength       100   100000 0.000100    5    5  0.00   -1  15345     263.04  200.000   1.315    683.880    991.342     380.57  1227.06
randomInjection equal           perStrength       100   100000 0.000100    5    5  0.10   -1  15445     245.30  200.000   1.227    691.250    982.843     408.15  1201.30
randomInjection equal           perStrength       100   100000 0.000100    5    5  0.25   -1  15545     249.76  200.000   1.249    690.440    982.762     400.85  1236.59
randomInjection equal           perStrength       100   100000 0.000100    5   10  0.00   -1  15645     144.52  100.000   1.445    687.860    993.691     693.31  1324.03
randomInjection equal           perStrength       100   100000 0.000100    5   10  0.10   -1  15745     130.44  100.000   1.304    676.730    993.283     768.35  1264.54
randomInjection equal           perStrength       100   100000 0.000100    5   10  0.25   -1  15845     125.14  100.000   1.251    675.030    990.324     800.14  1241.34
randomInjection equal           perStrength       100   100000 0.001000    5    5  0.00   -1  15945     263.25  200.000   1.316    681.970    996.798     380.85  1221.06
randomInjection equal           perStrength       100   100000 0.001000    5    5  0.10   -1  16045     247.27  200.000   1.236    687.190    985.783     405.40  1203.63
randomInjection equal           perStrength       100   100000 0.001000    5    5  0.25   -1  16145     249.48  200.000   1.247    699.960    976.198     401.58  1231.21
randomInjection equal           perStrength       100   100000 0.001000    5   10  0.00   -1  16245     144.65  100.000   1.447    674.580   1005.288     693.15  1323.54
randomInjection equal           perStrength       100   100000 0.001000    5   10  0.10   -1  16345     131.29  100.000   1.313    687.660    984.413     763.61  1268.42
randomInjection equal           perStrength       100   100000 0.001000    5   10  0.25   -1  16445     126.22  100.000   1.262    682.360    997.531     793.70  1246.90
randomInjection equal           perStrength       100   100000 0.010000    5    5  0.00   -1  16545     274.18  200.000   1.371    687.840    996.557     365.64  1161.62
randomInjection equal           perStrength       100   100000 0.010000    5    5  0.10   -1  16645     257.99  200.000   1.290    689.010    968.046     388.62  1175.43
randomInjection equal           perStrength       100   100000 0.010000    5    5  0.25   -1  16745     257.66  200.000   1.288    697.680    980.092     389.15  1196.71
randomInjection equal           perStrength       100   100000 0.010000    5   10  0.00   -1  16845     149.86  100.000   1.499    684.050    974.147     670.10  1298.54
randomInjection equal           perStrength       100   100000 0.010000    5   10  0.10   -1  16945     136.65  100.000   1.367    695.630    964.961     735.20  1268.82
randomInjection equal           perStrength       100   100000 0.010000    5   10  0.25   -1  17045     132.16  100.000   1.322    683.420    992.354     759.23  1278.04
randomInjection randomUniform   one               100   100000 0.000000    5    5  0.00   -1  17145    1135.41 1000.000   1.135    686.320    986.708      88.10  1092.80
randomInjection randomUniform   one               100   100000 0.000000    5    5  0.10   -1  17245    1121.76 1000.000   1.122    685.320    986.669      89.17  1103.90
randomInjection randomUniform   one               100   100000 0.000000    5    5  0.25   -1  17345    1139.44 1000.000   1.139    695.430    976.948      87.79  1122.97
randomInjection randomUniform   one               100   100000 0.000000    5   10  0.00   -1  17445    1134.17 1000.000   1.134    691.600    985.692      88.19  1096.95
randomInjection randomUniform   one               100   100000 0.000000    5   10  0.10   -1  17545    1112.14 1000.000   1.112    699.270    981.685      89.94  1101.42
randomInjection randomUniform   one               100   100000 0.000000    5   10  0.25   -1  17645    1138.27 1000.000   1.138    689.820    979.035      87.88  1127.61
randomInjection randomUniform   one               100   100000 0.000100    5    5  0.00   -1  17745    1136.57 1000.000   1.137    683.120    993.102      88.07  1094.22
randomInjection randomUniform   one               100   100000 0.000100    5    5  0.10   -1  17845    1119.46 1000.000   1.119    681.160    990.725      89.40  1098.34
randomInjection randomUniform   one               100   100000 0.000100    5    5  0.25   -1  17945    1143.15 1000.000   1.143    696.330    981.117      87.56  1124.68
randomInjection randomUniform   one               100   100000 0.000100    5   10  0.00   -1  18045    1133.49 1000.000   1.133    688.250    987.608      88.29  1092.44
randomInjection randomUniform   one               100   100000 0.000100    5   10  0.10   -1  18145    1116.32 1000.000   1.116    677.890    989.184      89.64  1103.71
randomInjection randomUniform   one               100   100000 0.000100    5   10  0.25   -1  18245    1144.41 1000.000   1.144    705.850    960.117      87.50  1132.71
randomInjection randomUniform   one               100   100000 0.001000    5    5  0.00   -1  18345    1149.65 1000.000   1.150    679.520    983.593      87.16  1092.91
randomInjection randomUniform   one               100   100000 0.001000    5    5  0.10   -1  18445    1134.03 1000.000   1.134    688.180    988.792      88.32  1097.81
randomInjection randomUniform   one               100   100000 0.001000    5    5  0.25   -1  18545    1155.13 1000.000   1.155    693.260    978.878      86.72  1121.82
randomInjection randomUniform   one               100   100000 0.001000    5   10  0.00   -1  18645    1151.20 1000.000   1.151    697.950    993.506      87.02  1091.98
randomInjection randomUniform   one               100   100000 0.001000    5   10  0.10   -1  18745    1119.47 1000.000   1.119    675.940    994.069      89.49  1091.89
randomInjection randomUniform   one               100   100000 0.001000    5   10  0.25   -1  18845    1148.44 1000.000   1.148    697.540    971.481      87.23  1123.83
randomInjection randomUniform   one               100   100000 0.010000    5    5  0.00   -1  18945    1186.32 1000.000   1.186    695.980    974.456      84.36   350.71
randomInjection randomUniform   one               100   100000 0.010000    5    5  0.10   -1  19045    1174.68 1000.000   1.175    682.360    997.354      85.21   406.52
randomInjection randomUniform   one               100   100000 0.010000    5    5  0.25   -1  19145    1161.92 1000.000   1.162    688.040    991.172      86.13   410.60
randomInjection randomUniform   one               100   100000 0.010000    5   10  0.00   -1  19245    1184.76 1000.000   1.185    694.930    976.056      84.47   391.94
randomInjection randomUniform   one               100   100000 0.010000    5   10  0.10   -1  19345    1151.31 1000.000   1.151    693.610    976.949      86.93   420.93
randomInjection randomUniform   one               100   100000 0.010000    5   10  0.25   -1  19445    1162.98 1000.000   1.163    691.110    977.187      86.05   413.21
randomInjection randomUniform   perStrength       100   100000 0.000000    5    5  0.00   -1  19545     463.37  336.383   1.378    690.460    994.817     216.62  1812.61
randomInjection randomUniform   perStrength       100   100000 0.000000    5    5  0.10   -1  19645     452.47  332.791   1.360    695.940    986.740     222.08  1814.51
randomInjection randomUniform   perStrength       100   100000 0.000000    5    5  0.25   -1  19745     466.17  334.211   1.395    676.980    987.909     215.47  1819.53
randomInjection randomUniform   perStrength       100   100000 0.000000    5   10  0.00   -1  19845     300.31  180.749   1.661    683.990    982.973     336.13  1954.24
randomInjection randomUniform   perStrength       100   100000 0.000000    5   10  0.10   -1  19945     304.84  181.530   1.679    695.830    980.296     331.83  1939.26
randomInjection randomUniform   perStrength       100   100000 0.000000    5   10  0.25   -1  20045     310.31  183.937   1.687    694.180    983.608     325.06  1962.07
randomInjection randomUniform   perStrength       100   100000 0.000100    5    5  0.00   -1  20145     464.43  335.083   1.386    676.440    991.023     216.36  1804.57
randomInjection randomUniform   perStrength       100   100000 0.000100    5    5  0.10   -1  20245     455.62  332.208   1.371    675.710   1001.024     220.50  1795.27
randomInjection randomUniform   perStrength       100   100000 0.000100    5    5  0.25   -1  20345     465.39  333.585   1.395    685.760    992.077     215.74  1799.43
randomInjection randomUniform   perStrength       100   100000 0.000100    5   10  0.00   -1  20445     306.92  182.728   1.680    676.530    983.432     329.25  1966.24
randomInjection randomUniform   perStrength       100   100000 0.000100    5   10  0.10   -1  20545     299.83  183.064   1.638    677.420    989.392     336.28  1938.77
randomInjection randomUniform   perStrength       100   100000 0.000100    5   10  0.25   -1  20645     307.69  182.211   1.689    706.670    967.554     327.57  1925.70
randomInjection randomUniform   perStrength       100   100000 0.001000    5    5  0.00   -1  20745     464.37  337.723   1.375    683.620    986.048     216.05  1806.04
randomInjection randomUniform   perStrength       100   100000 0.001000    5    5  0.10   -1  20845     459.64  336.157   1.367    675.340    979.521     218.58  1814.60
randomInjection randomUniform   perStrength       100   100000 0.001000    5    5  0.25   -1  20945     469.26  336.608   1.394    695.970    978.426     214.23  1811.84
randomInjection randomUniform   perStrength       100   100000 0.001000    5   10  0.00   -1  21045     304.68  183.219   1.663    698.470    980.033     331.06  1929.59
randomInjection randomUniform   perStrength       100   100000 0.001000    5   10  0.10   -1  21145     298.60  182.792   1.634    686.230    984.920     337.87  1926.50
randomInjection randomUniform   perStrength       100   100000 0.001000    5   10  0.25   -1  21245     304.08  182.848   1.663    688.000    985.006     332.87  1937.69
randomInjection randomUniform   perStrength       100   100000 0.010000    5    5  0.00   -1  21345     465.24  331.965   1.401    674.610    994.169     215.71  1217.98
randomInjection randomUniform   perStrength       100   100000 0.010000    5    5  0.10   -1  21445     452.47  333.495   1.357    689.190    985.383     221.87  1205.59
randomInjection randomUniform   perStrength       100   100000 0.010000    5    5  0.25   -1  21545     450.03  333.894   1.348    691.370    992.644     223.18  1304.20
randomInjection randomUniform   perStrength       100   100000 0.010000    5   10  0.00   -1  21645     297.00  182.675   1.626    695.300    964.167     339.87  1604.84
randomInjection randomUniform   perStrength       100   100000 0.010000    5   10  0.10   -1  21745     284.93  181.777   1.567    697.310    977.085     353.68  1719.88
randomInjection randomUniform   perStrength       100   100000 0.010000    5   10  0.25   -1  21845     281.64  181.860   1.549    695.480    986.025     357.17  1703.67
