churn           equal           one              1000  1000000 0.000000   -1    1 -1.00   -1  12345    7467.34 1000.000   7.467    695.380    998.523     137.54  7467.34
churn           equal           one              1000  1000000 0.000100   -1    1 -1.00   -1  12445    5731.71 1000.000   5.732    692.310    997.831     176.37  5178.88
churn           equal           one              1000  1000000 0.001000   -1    1 -1.00   -1  12545    3673.88 1000.000   3.674    692.300    996.982     273.94  2401.53
churn           equal           one              1000  1000000 0.010000   -1    1 -1.00   -1  12645    2103.74 1000.000   2.104    692.910    997.894     476.52   188.66
churn           equal           perStrength      1000  1000000 0.000000   -1    1 -1.00   -1  12745    7677.34 1000.000   7.677    692.490   1001.378     133.98  7677.34
churn           equal           perStrength      1000  1000000 0.000100   -1    1 -1.00   -1  12845    5964.68 1000.000   5.965    692.130   1000.379     171.19  5362.61
churn           equal           perStrength      1000  1000000 0.001000   -1    1 -1.00   -1  12945    3678.02 1000.000   3.678    694.330    998.253     273.61  2364.45
churn           equal           perStrength      1000  1000000 0.010000   -1    1 -1.00   -1  13045    2098.75 1000.000   2.099    694.550    999.896     477.57   181.17
churn           randomUniform   one              1000  1000000 0.000000   -1    1 -1.00   -1  13145    7522.53 1000.000   7.523    688.210   1003.999     136.22  7522.53
churn           randomUniform   one              1000  1000000 0.000100   -1    1 -1.00   -1  13245    5921.06 1000.000   5.921    686.830   1003.055     171.01  5278.64
churn           randomUniform   one              1000  1000000 0.001000   -1    1 -1.00   -1  13345    3686.05 1000.000   3.686    686.380   1003.544     272.92  2376.62
churn           randomUniform   one              1000  1000000 0.010000   -1    1 -1.00   -1  13445    2087.52 1000.000   2.088    696.800    997.175     479.92   187.17
churn           randomUniform   perStrength      1000  1000000 0.000000   -1    1 -1.00   -1  13545    7602.22 1000.000   7.602    693.140    998.041     135.53  7602.22
churn           randomUniform   perStrength      1000  1000000 0.000100   -1    1 -1.00   -1  13645    5971.74 1000.000   5.972    690.270   1004.090     169.54  5287.65
churn           randomUniform   perStrength      1000  1000000 0.001000   -1    1 -1.00   -1  13745    3781.26 1000.000   3.781    691.200    996.573     266.83  2442.04
churn           randomUniform   perStrength      1000  1000000 0.010000   -1    1 -1.00   -1  13845    2093.88 1000.000   2.094    692.370   1000.201     479.06   205.90
