invite          equal           one               100   100000 0.000000    5    5  0.00    5  12345    3749.10 1000.000   3.749    684.590    978.744      28.18  3736.87
invite          equal           one               100   100000 0.000000    5    5  0.00   10  12445    3761.61 1000.000   3.762    693.330    981.175      27.96  3758.85
invite          equal           one               100   100000 0.000000    5    5  0.10    5  12545    3865.84 1000.000   3.866    684.620    984.709      27.31  3863.97
invite          equal           one               100   100000 0.000000    5    5  0.10   10  12645    3775.16 1000.000   3.775    686.640    999.063      28.23  3775.16
invite          equal           one               100   100000 0.000000    5    5  0.25    5  12745    3701.85 1000.000   3.702    674.530    996.054      28.44  3701.85
invite          equal           one               100   100000 0.000000    5    5  0.25   10  12845    3516.36 1000.000   3.516    698.640    973.396      29.88  3515.97
invite          equal           one               100   100000 0.000000    5   10  0.00    5  12945    3646.69 1000.000   3.647    698.900    973.673      28.84  3642.24
invite          equal           one               100   100000 0.000000    5   10  0.00   10  13045    3766.37 1000.000   3.766    684.170    987.570      28.06  3764.70
invite          equal           one               100   100000 0.000000    5   10  0.10    5  13145    3811.53 1000.000   3.812    691.970    982.002      27.64  3811.53
invite          equal           one               100   100000 0.000000    5   10  0.10   10  13245    3633.64 1000.000   3.634    685.580    989.842      29.18  3631.01
invite          equal           one               100   100000 0.000000    5   10  0.25    5  13345    3657.03 1000.000   3.657    687.110    980.310      29.05  3656.30
invite          equal           one               100   100000 0.000000    5   10  0.25   10  13445    3582.64 1000.000   3.583    682.650    979.253      29.39  3582.64
invite          equal           perStrength       100   100000 0.000000    5    5  0.00    5  13545     789.00  200.000   3.945    685.130    984.815     135.33  3911.50
invite          equal           perStrength       100   100000 0.000000    5    5  0.00   10  13645     744.27  200.000   3.721    694.380    968.623     142.11  3688.54
invite          equal           perStrength       100   100000 0.000000    5    5  0.10    5  13745     761.96  200.000   3.810    688.000    982.460     140.39  3807.83
invite          equal           perStrength       100   100000 0.000000    5    5  0.10   10  13845     747.34  200.000   3.737    672.950   1000.576     141.02  3734.62
invite          equal           perStrength       100   100000 0.000000    5    5  0.25    5  13945     770.60  200.000   3.853    681.420    994.261     137.66  3851.19
invite          equal           perStrength       100   100000 0.000000    5    5  0.25   10  14045     770.76  200.000   3.854    682.970    987.021     136.43  3851.87
invite          equal           perStrength       100   100000 0.000000    5   10  0.00    5  14145     367.66  100.000   3.677    702.880    969.699     288.15  3633.03
invite          equal           perStrength       100   100000 0.000000    5   10  0.00   10  14245     377.78  100.000   3.778    681.850    995.477     284.97  3734.26
invite          equal           perStrength       100   100000 0.000000    5   10  0.10    5  14345     362.09  100.000   3.621    691.290    987.725     286.48  3616.28
invite          equal           perStrength       100   100000 0.000000    5   10  0.10   10  14445     376.62  100.000   3.766    688.750    988.075     279.53  3756.45
invite          equal           perStrength       100   100000 0.000000    5   10  0.25    5  14545     371.70  100.000   3.717    690.240    984.387     285.43  3712.05
invite          equal           perStrength       100   100000 0.000000    5   10  0.25   10  14645     393.99  100.000   3.940    685.630    992.033     268.85  3935.98
invite          randomUniform   one               100   100000 0.000000    5    5  0.00    5  14745    3729.93 1000.000   3.730    692.270    984.600      27.95  3720.33
invite          randomUniform   one               100   100000 0.000000    5    5  0.00   10  14845    3758.92 1000.000   3.759    683.750    987.818      27.78  3753.97
invite          randomUniform   one               100   100000 0.000000    5    5  0.10    5  14945    3976.44 1000.000   3.976    684.000    989.414      27.02  3976.44
invite          randomUniform   one               100   100000 0.000000    5    5  0.10   10  15045    3655.42 1000.000   3.655    688.710    980.334      29.01  3652.31
invite          randomUniform   one               100   100000 0.000000    5    5  0.25    5  15145    3747.23 1000.000   3.747    684.830    985.914      28.50  3747.23
invite          randomUniform   one               100   100000 0.000000    5    5  0.25   10  15245    3596.83 1000.000   3.597    685.370    985.805      28.90  3596.83
invite          randomUniform   one               100   100000 0.000000    5   10  0.00    5  15345    3750.99 1000.000   3.751    683.440    991.942      28.34  3737.21
invite          randomUniform   one               100   100000 0.000000    5   10  0.00   10  15445    3644.81 1000.000   3.645    689.310    983.593      28.57  3640.95
invite          randomUniform   one               100   100000 0.000000    5   10  0.10    5  15545    3661.10 1000.000   3.661    690.700    982.301      28.70  3661.10
invite          randomUniform   one               100   100000 0.000000    5   10  0.10   10  15645    3868.40 1000.000   3.868    688.740    993.910      27.58  3867.70
invite          randomUniform   one               100   100000 0.000000    5   10  0.25    5  15745    3868.80 1000.000   3.869    677.390    993.215      27.43  3868.80
invite          randomUniform   one               100   100000 0.000000    5   10  0.25   10  15845    3578.39 1000.000   3.578    675.320    990.852      29.52  3578.39
invite          randomUniform   perStrength       100   100000 0.000000    5    5  0.00    5  15945    2053.77  336.846   6.097    681.050    996.995      56.53  3924.49
invite          randomUniform   perStrength       100   100000 0.000000    5    5  0.00   10  16045    1734.00  331.930   5.224    689.200    984.624      65.66  3839.95
invite          randomUniform   perStrength       100   100000 0.000000    5    5  0.10    5  16145    2078.90  332.149   6.259    699.050    977.441      55.21  3786.96
invite          randomUniform   perStrength       100   100000 0.000000    5    5  0.10   10  16245    2186.54  333.074   6.565    675.350   1004.697      53.47  4038.28
invite          randomUniform   perStrength       100   100000 0.000000    5    5  0.25    5  16345    2339.59  332.760   7.031    685.920    984.472      48.30  3818.00
invite          randomUniform   perStrength       100   100000 0.000000    5    5  0.25   10  16445    2397.50  332.462   7.211    682.540    997.445      46.87  3938.69
invite          randomUniform   perStrength       100   100000 0.000000    5   10  0.00    5  16545    1227.78  181.993   6.746    687.560    996.788     100.87  4140.84
invite          randomUniform   perStrength       100   100000 0.000000    5   10  0.00   10  16645    1164.22  181.465   6.416    690.620    968.643     104.68  3729.15
invite          randomUniform   perStrength       100   100000 0.000000    5   10  0.10    5  16745    1533.41  182.988   8.380    697.050    980.180      75.43  3809.83
invite          randomUniform   perStrength       100   100000 0.000000    5   10  0.10   10  16845    1624.13  181.318   8.957    685.540    974.645      70.59  3793.92
invite          randomUniform   perStrength       100   100000 0.000000    5   10  0.25    5  16945    1921.34  182.232  10.543    697.800    965.303      63.38  3775.44
invite          randomUniform   perStrength       100   100000 0.000000    5   10  0.25   10  17045    1877.69  182.087  10.312    684.040    992.665      65.25  3866.55
