invite          equal           one              1000  1000000 0.000000    5    5  0.00    5  12345    5610.87 1000.000   5.611    695.380    998.523     184.06  5595.74
invite          equal           one              1000  1000000 0.000000    5    5  0.00   10  12445    5664.59 1000.000   5.665    692.310    997.831     181.61  5660.42
invite          equal           one              1000  1000000 0.000000    5    5  0.10    5  12545    5538.95 1000.000   5.539    692.300    996.982     185.92  5538.95
invite          equal           one              1000  1000000 0.000000    5    5  0.10   10  12645    5639.76 1000.000   5.640    692.910    997.894     181.84  5639.76
invite          equal           one              1000  1000000 0.000000    5    5  0.25    5  12745    5776.60 1000.000   5.777    692.490   1001.378     180.12  5776.60
invite          equal           one              1000  1000000 0.000000    5    5  0.25   10  12845    5660.52 1000.000   5.661    692.130   1000.379     183.17  5660.52
invite          equal           one              1000  1000000 0.000000    5   10  0.00    5  12945    5577.27 1000.000   5.577    694.330    998.253     184.89  5567.29
invite          equal           one              1000  1000000 0.000000    5   10  0.00   10  13045    5677.13 1000.000   5.677    694.550    999.896     181.11  5673.02
invite          equal           one              1000  1000000 0.000000    5   10  0.10    5  13145    5770.11 1000.000   5.770    687.720   1004.032     180.00  5770.11
invite          equal           one              1000  1000000 0.000000    5   10  0.10   10  13245    5666.12 1000.000   5.666    686.690   1002.944     181.91  5666.12
invite          equal           one              1000  1000000 0.000000    5   10  0.25    5  13345    5840.16 1000.000   5.840    686.750   1003.411     176.15  5840.16
invite          equal           one              1000  1000000 0.000000    5   10  0.25   10  13445    5866.63 1000.000   5.867    696.690    997.339     178.61  5866.63
invite          equal           perStrength      1000  1000000 0.000000    5    5  0.00    5  13545    1136.59  200.000   5.683    693.170    998.219     907.44  5656.46
invite          equal           perStrength      1000  1000000 0.000000    5    5  0.00   10  13645    1127.99  200.000   5.640    689.330   1004.122     920.14  5620.21
invite          equal           perStrength      1000  1000000 0.000000    5    5  0.10    5  13745    1121.28  200.000   5.606    691.120    996.654     919.31  5604.30
invite          equal           perStrength      1000  1000000 0.000000    5    5  0.10   10  13845    1148.87  200.000   5.744    691.890   1000.225     900.63  5742.46
invite          equal           perStrength      1000  1000000 0.000000    5    5  0.25    5  13945    1175.42  200.000   5.877    691.140   1000.141     882.13  5874.75
invite          equal           perStrength      1000  1000000 0.000000    5    5  0.25   10  14045    1148.28  200.000   5.741    696.250    993.510     903.85  5739.34
invite          equal           perStrength      1000  1000000 0.000000    5   10  0.00    5  14145     557.88  100.000   5.579    690.850   1000.276    1841.36  5533.57
invite          equal           perStrength      1000  1000000 0.000000    5   10  0.00   10  14245     571.67  100.000   5.717    689.130   1004.890    1800.39  5665.54
invite          equal           perStrength      1000  1000000 0.000000    5   10  0.10    5  14345     568.14  100.000   5.681    689.550   1001.602    1811.43  5676.82
invite          equal           perStrength      1000  1000000 0.000000    5   10  0.10   10  14445     595.28  100.000   5.953    693.770    999.364    1751.78  5946.77
invite          equal           perStrength      1000  1000000 0.000000    5   10  0.25    5  14545     566.08  100.000   5.661    691.240   1004.366    1817.06  5656.16
invite          equal           perStrength      1000  1000000 0.000000    5   10  0.25   10  14645     580.80  100.000   5.808    692.980    998.536    1789.30  5803.91
invite          randomUniform   one              1000  1000000 0.000000    5    5  0.00    5  14745    5567.77 1000.000   5.568    693.300    999.339     184.74  5562.34
invite          randomUniform   one              1000  1000000 0.000000    5    5  0.00   10  14845    5628.03 1000.000   5.628    698.080    994.626     182.96  5625.87
invite          randomUniform   one              1000  1000000 0.000000    5    5  0.10    5  14945    6044.25 1000.000   6.044    694.680    998.940     171.73  6042.63
invite          randomUniform   one              1000  1000000 0.000000    5    5  0.10   10  15045    5487.83 1000.000   5.488    690.720    998.694     188.05  5487.78
invite          randomUniform   one              1000  1000000 0.000000    5    5  0.25    5  15145    5587.67 1000.000   5.588    691.890    999.641     184.12  5587.17
