neighbors       equal           one              1000  1000000 0.000000    5    5  0.00    5  12345    4288.50 1000.000   4.288    695.380    998.523     235.19  4257.65
neighbors       equal           one              1000  1000000 0.000000    5    5  0.00   10  12445    3902.14 1000.000   3.902    692.310    997.831     257.46  3852.65
neighbors       equal           one              1000  1000000 0.000000    5    5  0.10    5  12545    4221.69 1000.000   4.222    692.300    996.982     238.27  4198.42
neighbors       equal           one              1000  1000000 0.000000    5    5  0.10   10  12645    3879.61 1000.000   3.880    692.910    997.894     259.56  3836.70
neighbors       equal           one              1000  1000000 0.000000    5    5  0.25    5  12745    4239.31 1000.000   4.239    692.490   1001.378     237.95  4211.04
neighbors       equal           one              1000  1000000 0.000000    5    5  0.25   10  12845    3858.85 1000.000   3.859    692.130   1000.379     260.66  3808.89
neighbors       equal           one              1000  1000000 0.000000    5   10  0.00    5  12945    4296.77 1000.000   4.297    694.330    998.253     234.56  4260.46
neighbors       equal           one              1000  1000000 0.000000    5   10  0.00   10  13045    3914.35 1000.000   3.914    694.550    999.896     256.96  3873.21
neighbors       equal           one              1000  1000000 0.000000    5   10  0.10    5  13145    4234.67 1000.000   4.235    687.720   1004.032     238.27  4203.69
neighbors       equal           one              1000  1000000 0.000000    5   10  0.10   10  13245    3843.73 1000.000   3.844    686.690   1002.944     261.74  3809.49
neighbors       equal           one              1000  1000000 0.000000    5   10  0.25    5  13345    4242.10 1000.000   4.242    686.750   1003.411     237.14  4196.32
neighbors       equal           one              1000  1000000 0.000000    5   10  0.25   10  13445    3861.98 1000.000   3.862    696.690    997.339     260.39  3807.59
