invite          equal           one               100  1000000 0.000000    5    5  0.00    5  12345
   30965 10000.000   3.096   7229   9463.376     32.295    30961
   25007 10000.000   2.501   7836   8498.559     39.989    25003
   48507 10000.000   4.851   7225   9565.973     20.616    48506
   29534 10000.000   2.953   8182   7964.138     33.859    29534
   44917 10000.000   4.492   5962  11147.115     22.263    44917
   57420 10000.000   5.742   5941  11367.561     17.416    57416
   35663 10000.000   3.566   6777   9016.197     28.040    35659
   36001 10000.000   3.600   6346   9875.795     27.777    36000
   49439 10000.000   4.944   7150  10491.520     20.227    49439
   32797 10000.000   3.280   5898  10393.864     30.491    32796
   35329 10000.000   3.533   7221   9951.293     28.305    35326
   26481 10000.000   2.648   7674   8887.813     37.763    26481
   51048 10000.000   5.105   6755  10346.948     19.589    51044
   26334 10000.000   2.633   7925   8577.552     37.974    23598
   31874 10000.000   3.187   7253   8930.041     31.374    31870
   60083 10000.000   6.008   6501  10493.430     16.644    59937
   25433 10000.000   2.543   7464   8881.294     39.319    25428
   32518 10000.000   3.252   7450  10297.737     30.752    32518
   25633 10000.000   2.563   7041   9197.448     39.012    25633
   38834 10000.000   3.883   6742   9607.489     25.751    38830
   38430 10000.000   3.843   6258  10751.909     26.021    38426
   30883 10000.000   3.088   7018   9876.310     32.380    30879
   41769 10000.000   4.177   6395  10605.649     23.941    41767
   29514 10000.000   2.951   8557   9369.571     33.882    29291
   27511 10000.000   2.751   7279   9197.898     36.349    27510
   41251 10000.000   4.125   6979   9574.862     24.242    41249
   32273 10000.000   3.227   6552   8687.160     30.986    32190
   43135 10000.000   4.314   6883   9873.840     23.183    43133
   51298 10000.000   5.130   6614  11092.874     19.494    51295
   50748 10000.000   5.075   5852  10388.830     19.705    50748
   30538 10000.000   3.054   7072   9030.365     32.746    30535
   30901 10000.000   3.090   6282   9931.858     32.361    30897
   39373 10000.000   3.937   6672   9715.391     25.398    39369
   47441 10000.000   4.744   7703   9039.329     21.079    47438
   58470 10000.000   5.847   8107   9936.927     17.103    58470
   37472 10000.000   3.747   6490  10132.757     26.687    37470
   41248 10000.000   4.125   6114  10260.297     24.244    41245
   34098 10000.000   3.410   6785   8989.752     29.327    34098
   30587 10000.000   3.059   7483   9409.843     32.694    30587
   30621 10000.000   3.062   7205   9120.800     32.657    30621
   36994 10000.000   3.699   7911  10319.547     27.031    36993
   45931 10000.000   4.593   5669  11934.707     21.772    45930
   41491 10000.000   4.149   6692  10559.312     24.102    41488
   33588 10000.000   3.359   6801   8801.809     29.773    33585
   33742 10000.000   3.374   6762   9279.409     29.637    33738
   30404 10000.000   3.040   7950   8861.557     32.890    30404
   32092 10000.000   3.209   6728   8994.808     31.160    32091
   28984 10000.000   2.898   6227   9702.564     34.502    28980
   24558 10000.000   2.456   7324   9591.979     40.720    24556
   45720 10000.000   4.572   5866  11795.171     21.872    45720
   40423 10000.000   4.042   7950   9737.749     24.738    40420
   53519 10000.000   5.352   5883  11268.652     18.685    53518
   39392 10000.000   3.939   6785   9819.469     25.386    39389
   28148 10000.000   2.815   7849   8927.712     35.527    28145
   30555 10000.000   3.055   6006   9766.891     32.728    30555
   28761 10000.000   2.876   7541   7984.317     34.769    28760
   39734 10000.000   3.973   7524   8931.595     25.167    39734
   36533 10000.000   3.653   7376   9336.646     27.373    36530
   30518 10000.000   3.052   6929   9805.283     32.768    30514
   29023 10000.000   2.902   5980  10740.922     34.455    29017
   35227 10000.000   3.523   6585  10611.987     28.387    35227
   37590 10000.000   3.759   5571  10363.441     26.603    37590
   54984 10000.000   5.498   5353  12699.419     18.187    54980
   32423 10000.000   3.242   7826   9985.736     30.842    32420
   42133 10000.000   4.213   6730  10895.436     23.734    42132
   29708 10000.000   2.971   5450  10102.301     33.661    29708
   26383 10000.000   2.638   7186   8408.748     37.903    26372
   49414 10000.000   4.941   8038   9456.474     20.237    49411
   24033 10000.000   2.403   7260   8255.155     41.609    24029
   30406 10000.000   3.041   5658  10181.458     32.888    30404
   32173 10000.000   3.217   7515   9470.549     31.082    32169
   31962 10000.000   3.196   6910   9205.134     31.287    31860
   55513 10000.000   5.551   5862  11671.860     18.014    55509
   35434 10000.000   3.543   6050  10400.071     28.221    35430
   57032 10000.000   5.703   6152  10404.555     17.534    57031
   36712 10000.000   3.671   6447  10113.783     27.239    36708
   43010 10000.000   4.301   6505   9814.368     23.250    43009
   47287 10000.000   4.729   6896   9541.223     21.147    47283
   23721 10000.000   2.372   7728   7822.878     42.157    23716
   49514 10000.000   4.951   5947  10305.556     20.196    49511
   33519 10000.000   3.352   6619   9587.150     29.834    33516
   35228 10000.000   3.523   7186   8903.747     28.387    35226
   41813 10000.000   4.181   5828  10423.311     23.916    41812
   24472 10000.000   2.447   7980   8068.041     40.863    24470
   51101 10000.000   5.110   5666  10432.435     19.569    51098
   53228 10000.000   5.323   5182  11954.908     18.787    53227
   32919 10000.000   3.292   6780  10094.605     30.378    32915
   36353 10000.000   3.635   7574   9131.959     27.508    36349
   30955 10000.000   3.095   6877   9092.781     32.305    30951
   29924 10000.000   2.992   6415  10259.717     33.418    29924
   21635 10000.000   2.163   6550   9326.267     46.221    21631
   28381 10000.000   2.838   6859   9202.966     35.235    28377
   40333 10000.000   4.033   6160  11117.082     24.794    40333
   28881 10000.000   2.888   6489   9836.720     34.625    28879
   42106 10000.000   4.211   8949   8851.187     23.750    42102
   31726 10000.000   3.173   7195   9003.928     31.520    31725
   28501 10000.000   2.850   6733   9912.480     35.086    28490
   28044 10000.000   2.804   5846  11110.875     35.658    28037
   33586 10000.000   3.359   7449   8477.565     29.774    32664
   28775 10000.000   2.877   6992   9931.383     34.752    28772
invite          equal           one               100  1000000 0.000000    5    5  0.00   10  12445
   44601 10000.000   4.460   6753   9521.558     22.421    44600
   27228 10000.000   2.723   8284   8358.415     36.727    27228
   29627 10000.000   2.963   6088  10605.623     33.753    29625
   36358 10000.000   3.636   6945   9017.952     27.504    36355
   34018 10000.000   3.402   7061   9531.071     29.396    34015
   27167 10000.000   2.717   6818   8724.820     36.809    27167
   31482 10000.000   3.148   5973  10721.531     31.764    31479
   45175 10000.000   4.518   8221   9351.664     22.136    45175
   37780 10000.000   3.778   6710   9839.807     26.469    37777
   45180 10000.000   4.518   6534  10250.716     22.134    45177
   30477 10000.000   3.048   6523   9587.927     32.812    30477
   27248 10000.000   2.725   7235   9448.063     36.700    27244
   43109 10000.000   4.311   7026   9585.909     23.197    43109
   32954 10000.000   3.295   6576  10197.757     30.345    32951
   66064 10000.000   6.606   7248  10626.135     15.137    66063
   37681 10000.000   3.768   7042   8859.731     26.539    37681
   43064 10000.000   4.306   7543   9512.381     23.221    43061
   32166 10000.000   3.217   7636   8437.804     31.089    32166
   26372 10000.000   2.637   7521   8199.329     37.919    26369
   44032 10000.000   4.403   6206  10977.736     22.711    44028
   33065 10000.000   3.307   6760  10193.542     30.243    33064
   26369 10000.000   2.637   7484   9138.817     37.923    26369
   30110 10000.000   3.011   6432   9776.889     33.212    27226
   43161 10000.000   4.316   7422   8986.329     23.169    43159
   33810 10000.000   3.381   7233   8974.119     29.577    33808
   38813 10000.000   3.881   7413   9014.458     25.765    38813
   37954 10000.000   3.795   7246   8866.146     26.348    37954
   59160 10000.000   5.916   7428  11042.960     16.903    59153
   32120 10000.000   3.212   7479   8821.166     31.133    32117
   33520 10000.000   3.352   6562   9364.000     29.833    33518
   39871 10000.000   3.987   6813  10690.744     25.081    39867
   26750 10000.000   2.675   6505   9477.394     37.383    26748
   44005 10000.000   4.401   7382  10075.523     22.725    44005
   35581 10000.000   3.558   8866   8104.940     28.105    35577
   31801 10000.000   3.180   5995   9761.661     31.446    31801
   28128 10000.000   2.813   6624   9244.546     35.552    28127
   51860 10000.000   5.186   6348  10563.908     19.283    51856
   63418 10000.000   6.342   6521  10983.059     15.768    63415
   53313 10000.000   5.331   7050  10131.110     18.757    53310
   42866 10000.000   4.287   6075  10775.421     23.329    42862
   33819 10000.000   3.382   5103  10554.977     29.569    33815
   50535 10000.000   5.053   6621  10407.246     19.788    50533
   84981 10000.000   8.498   6629  14895.428     11.767    84981
   22552 10000.000   2.255   7096   9148.857     44.342    22550
   47297 10000.000   4.730   6520  10460.678     21.143    47293
   38771 10000.000   3.877   8083   9608.457     25.792    38767
   33182 10000.000   3.318   8808   8658.932     30.137    33180
   44866 10000.000   4.487   5741  10657.112     22.289    44860
   29179 10000.000   2.918   7156   9472.563     34.271    29176
   19224 10000.000   1.922   7557   8519.005     52.018    19224
   47920 10000.000   4.792   6907  11150.565     20.868    47920
   29133 10000.000   2.913   7652   8863.489     34.325    29130
   35032 10000.000   3.503   7165   8946.666     28.545    35032
   32917 10000.000   3.292   7296   8761.811     30.379    32913
   27282 10000.000   2.728   6357   9250.855     36.654    27281
   31903 10000.000   3.190   7356   9338.446     31.345    31903
   34509 10000.000   3.451   7992  10340.042     28.978    34509
   30491 10000.000   3.049   7832   8382.712     32.797    30490
   31254 10000.000   3.125   7178   9390.243     31.996    31248
   43945 10000.000   4.394   6601  10061.977     22.756    43941
   38135 10000.000   3.813   7166  10020.235     26.223    38134
   44752 10000.000   4.475   5429  11818.227     22.345    44751
   41335 10000.000   4.133   6834   9581.257     24.193    41331
   42391 10000.000   4.239   7239   8964.798     23.590    42387
   30418 10000.000   3.042   6628   9363.913     32.875    30416
   32313 10000.000   3.231   7274   9143.292     30.947    32309
   39332 10000.000   3.933   6859  11595.457     25.425    39330
   46227 10000.000   4.623   6529  10219.910     21.632    46223
   35009 10000.000   3.501   5915   9651.926     28.564    33166
   35860 10000.000   3.586   7196  10717.819     27.886    35858
   30650 10000.000   3.065   5998   9768.347     32.626    30646
   35985 10000.000   3.599   5157  10946.023     27.789    35981
   32172 10000.000   3.217   6557   9667.195     31.083    32164
   37467 10000.000   3.747   6914  10273.992     26.690    37464
   26013 10000.000   2.601   6949   9637.162     38.442    26007
   36345 10000.000   3.635   7084   9628.625     27.514    36345
   23525 10000.000   2.353   7518   9044.069     42.508    23523
   33841 10000.000   3.384   6231   9601.601     29.550    33837
   40357 10000.000   4.036   8335   8256.911     24.779    40356
   52803 10000.000   5.280   7493  10646.683     18.938    52803
   42109 10000.000   4.211   7720  10073.127     23.748    42109
   37071 10000.000   3.707   7699   9157.910     26.975    37071
   35992 10000.000   3.599   7055  10169.770     27.784    35991
   33682 10000.000   3.368   5950  10120.866     29.689    33681
   27599 10000.000   2.760   5312  10585.111     36.233    27599
   44924 10000.000   4.492   6217  11162.832     22.260    44920
   39308 10000.000   3.931   5666  10441.490     25.440    39305
   49037 10000.000   4.904   6281  11368.092     20.393    49037
   42124 10000.000   4.212   7617   8762.224     23.739    42122
   71585 10000.000   7.159   6344  13439.884     13.969    71584
   30210 10000.000   3.021   6520   9268.306     33.102    30210
   25907 10000.000   2.591   8960   8311.004     38.600    25906
   38723 10000.000   3.872   6255  10277.757     25.824    38721
   36122 10000.000   3.612   7191   9281.773     27.684    36118
   25666 10000.000   2.567   8323   8613.418     38.962    25666
   49487 10000.000   4.949   6130  10272.550     20.207    49483
   23128 10000.000   2.313   7593   9191.502     43.238    23125
   36744 10000.000   3.674   6557  10243.373     27.215    36743
   27683 10000.000   2.768   7212   8770.059     36.123    27679
   32948 10000.000   3.295   6277  10272.258     30.351    32947
invite          equal           one               100  1000000 0.000000    5    5  0.10    5  12545
   38754 10000.000   3.875   6329   9748.191     25.804    38754
   68716 10000.000   6.872   6560  11381.401     14.553    68716
   29742 10000.000   2.974   6719   8657.774     33.622    29742
   38686 10000.000   3.869   7919   9263.472     25.849    38686
   24203 10000.000   2.420   7374   8912.626     41.317    24203
   28562 10000.000   2.856   7303   9357.745     35.012    28562
   33415 10000.000   3.341   7347   8749.327     29.927    33415
   31271 10000.000   3.127   7435   8897.897     31.979    31271
   48891 10000.000   4.889   6465   9351.317     20.454    48891
   57966 10000.000   5.797   5089  11542.139     17.251    57966
   40832 10000.000   4.083   7226   9461.455     24.491    40832
   30133 10000.000   3.013   6440   9092.734     33.186    30133
   37018 10000.000   3.702   6922  10462.681     27.014    37018
   31947 10000.000   3.195   7175   9025.266     31.302    31947
   47919 10000.000   4.792   6890   9572.048     20.869    47919
   53543 10000.000   5.354   6138  10025.811     18.677    53543
   28543 10000.000   2.854   7197   8973.341     35.035    28543
   33149 10000.000   3.315   8324   8671.192     30.167    33149
   32995 10000.000   3.300   7592  10250.583     30.308    32995
   55595 10000.000   5.559   6443  10180.941     17.987    55595
   36956 10000.000   3.696   6770   9993.072     27.059    36956
   74070 10000.000   7.407   6621  10897.156     13.501    74070
   33909 10000.000   3.391   6426   9995.542     29.491    33909
   67866 10000.000   6.787   6164  11191.698     14.735    67866
   39760 10000.000   3.976   7425   9606.319     25.151    39760
   51830 10000.000   5.183   7351  10291.123     19.294    51830
   49656 10000.000   4.966   6389   9989.342     20.139    49656
   33968 10000.000   3.397   6357  10061.889     29.439    33968
   38852 10000.000   3.885   6409  11268.957     25.739    38852
   29245 10000.000   2.925   7453   7853.878     34.194    29245
   35416 10000.000   3.542   6455   9955.068     28.236    35416
   40033 10000.000   4.003   5623  10201.796     24.979    39295
   29734 10000.000   2.973   6434  10197.681     33.632    29734
   34175 10000.000   3.417   8785   8661.069     29.261    34175
   27277 10000.000   2.728   7477   8924.156     36.661    27277
   28047 10000.000   2.805   7049   9276.062     35.654    28047
   27600 10000.000   2.760   5923  11416.694     36.232    27600
   36181 10000.000   3.618   6544  10452.137     27.639    36181
   40786 10000.000   4.079   5828  10227.837     24.518    40786
   53542 10000.000   5.354   6743   9890.561     18.677    53542
   28144 10000.000   2.814   6799   9836.010     35.532    28144
   34555 10000.000   3.455   7290   9035.335     28.939    34555
   30908 10000.000   3.091   7138   8961.053     32.354    30908
   40737 10000.000   4.074   6684  10642.930     24.548    40737
   26242 10000.000   2.624   7101   8787.284     38.107    26242
   35496 10000.000   3.550   6054  11093.633     28.172    35496
   45678 10000.000   4.568   5970  10420.029     21.892    45678
   35057 10000.000   3.506   7004   9554.652     28.525    35057
   37336 10000.000   3.734   6123  10443.136     26.784    37336
   36566 10000.000   3.657   6941  11371.912     27.348    36566
   59096 10000.000   5.910   7120  10103.623     16.922    59096
   21937 10000.000   2.194   6112  10561.962     45.585    21937
   48737 10000.000   4.874   7111  10570.796     20.518    48737
   33457 10000.000   3.346   7798   9383.637     29.889    33457
   46310 10000.000   4.631   5709  10796.896     21.594    46310
   43470 10000.000   4.347   7268   9845.886     23.004    43470
   28910 10000.000   2.891   6614   9494.011     34.590    28910
   42027 10000.000   4.203   6375  10123.188     23.794    42027
   46277 10000.000   4.628   5616  12852.698     21.609    46277
   32914 10000.000   3.291   7593   8339.135     30.382    32914
   38467 10000.000   3.847   5030  11614.115     25.996    38467
   39964 10000.000   3.996   7493   9347.050     25.023    39964
   30415 10000.000   3.042   7725   8399.760     32.879    30415
   45894 10000.000   4.589   7167   9773.541     21.789    45894
   31118 10000.000   3.112   6058  10274.485     32.136    31118
   24701 10000.000   2.470   7838   8466.886     40.484    24701
   26524 10000.000   2.652   8481   7459.550     37.702    26524
   32104 10000.000   3.210   6546  10217.258     31.149    32104
   28294 10000.000   2.829   6088   9784.822     35.343    28294
   25722 10000.000   2.572   7517   9290.781     38.877    25722
   29353 10000.000   2.935   7822   9235.606     34.068    29353
   36977 10000.000   3.698   6154  10063.316     27.044    36977
   48803 10000.000   4.880   6910  10147.778     20.491    48803
   40624 10000.000   4.062   6139  10535.531     24.616    40624
   24996 10000.000   2.500   6968   8651.358     40.006    24996
   29968 10000.000   2.997   7831   8417.529     33.369    29968
   35533 10000.000   3.553   6551   9710.421     28.143    35533
   38865 10000.000   3.886   6962   9603.137     25.730    38865
   35590 10000.000   3.559   7208   9178.394     28.098    35590
   59040 10000.000   5.904   7563   9295.765     16.938    59040
   31950 10000.000   3.195   6176   9849.439     31.299    31950
   32831 10000.000   3.283   7545   9205.531     30.459    32831
   27923 10000.000   2.792   6853   8797.552     35.813    27923
   42509 10000.000   4.251   7315  10880.654     23.524    42509
   57125 10000.000   5.713   6713  10633.239     17.505    57125
   37290 10000.000   3.729   7001  10707.382     26.817    37290
   32417 10000.000   3.242   6124  10287.033     30.848    32417
   33327 10000.000   3.333   6861   9372.260     30.006    33327
   37134 10000.000   3.713   6346  11926.788     26.929    37134
   30464 10000.000   3.046   7902   8228.226     32.826    30464
   40417 10000.000   4.042   7706  10704.235     24.742    40283
   33421 10000.000   3.342   7117   7994.474     29.921    33421
   29329 10000.000   2.933   6545   9823.443     34.096    29329
   38671 10000.000   3.867   7846   8822.783     25.859    38671
   26590 10000.000   2.659   7951   7835.780     37.608    26590
   50352 10000.000   5.035   6332  11200.906     19.860    50352
   29009 10000.000   2.901   6315  10305.201     34.472    29009
   42281 10000.000   4.228   6489  10576.892     23.651    42281
   31505 10000.000   3.151   6011  10984.268     31.741    31505
   38027 10000.000   3.803   5876  12604.397     26.297    38027
invite          equal           one               100  1000000 0.000000    5    5  0.10   10  12645
   52050 10000.000   5.205   6403  11042.585     19.212    52050
   45309 10000.000   4.531   6618  11012.220     22.071    45309
   59574 10000.000   5.957   5923  11899.640     16.786    59574
   42412 10000.000   4.241   6943  10510.216     23.578    42412
   35598 10000.000   3.560   7514   9138.825     28.091    35598
   61634 10000.000   6.163   7220  10092.027     16.225    61634
   28761 10000.000   2.876   7237   9207.753     34.769    28761
   33067 10000.000   3.307   6738  10131.400     30.242    33067
   36200 10000.000   3.620   7520   9039.324     27.624    36200
   29851 10000.000   2.985   6795  10354.729     33.500    29851
   33215 10000.000   3.321   8484   8227.673     30.107    33215
   24510 10000.000   2.451   7565   8366.058     40.800    24510
   36161 10000.000   3.616   7308   9239.383     27.654    36161
   35142 10000.000   3.514   5888  10752.674     28.456    35142
   32109 10000.000   3.211   6995   9003.230     31.144    32109
   39415 10000.000   3.942   5850  10436.022     25.371    39415
   29907 10000.000   2.991   8046   8637.193     33.437    29907
   32301 10000.000   3.230   6067  10234.636     30.959    32301
   41323 10000.000   4.132   6017   9761.640     24.200    41323
   26147 10000.000   2.615   7811   8555.995     38.245    26147
   46500 10000.000   4.650   7322   9291.636     21.505    46500
   46049 10000.000   4.605   6879  10981.155     21.716    46049
   26974 10000.000   2.697   7424   9434.837     37.073    26974
   72755 10000.000   7.276   7091  10924.845     13.745    72755
   37403 10000.000   3.740   6516  10665.427     26.736    37403
   41645 10000.000   4.165   5951  11169.712     24.012    41645
   27978 10000.000   2.798   7154   9397.029     35.742    27978
   38438 10000.000   3.844   6254  10497.122     26.016    38438
   38909 10000.000   3.891   6855  11329.406     25.701    38909
   44391 10000.000   4.439   6613  10485.785     22.527    44391
   35865 10000.000   3.587   8187   8917.516     27.882    35865
   29785 10000.000   2.978   7863   9303.356     33.574    29785
   33388 10000.000   3.339   7084   9007.009     29.951    33388
   56393 10000.000   5.639   6168  11899.357     17.733    56393
   35705 10000.000   3.571   7231   9528.266     28.007    35705
   48110 10000.000   4.811   6606  10215.256     20.786    48110
   37985 10000.000   3.799   7909   8523.688     26.326    37985
   29599 10000.000   2.960   7621   9488.457     33.785    29599
   30678 10000.000   3.068   6765  10383.812     32.597    30678
   31776 10000.000   3.178   7573   8942.286     31.470    31776
   37771 10000.000   3.777   7707   9531.341     26.475    37771
   35619 10000.000   3.562   7167   9436.477     28.075    35619
   37414 10000.000   3.741   6941   9390.140     26.728    37414
   41469 10000.000   4.147   7202  10151.099     24.114    41469
   32266 10000.000   3.227   7508   9276.765     30.992    32266
   36034 10000.000   3.603   6521  10116.598     27.752    36034
   42466 10000.000   4.247   6489  10365.091     23.548    42466
   49787 10000.000   4.979   6895   9907.889     20.086    49787
   28109 10000.000   2.811   6582  10028.008     35.576    28109
   32493 10000.000   3.249   7361   8938.615     30.776    32493
   52526 10000.000   5.253   6021  12862.585     19.038    52526
   39934 10000.000   3.993   7189   9458.672     25.041    39934
   45055 10000.000   4.505   5991  10502.363     22.195    45055
   32679 10000.000   3.268   6270  10467.807     30.601    32679
   28120 10000.000   2.812   6586   9432.191     35.562    28120
   51277 10000.000   5.128   7021   9894.033     19.502    51277
   46034 10000.000   4.603   6706  10614.316     21.723    46034
   39360 10000.000   3.936   6733   9484.708     25.407    39360
   38137 10000.000   3.814   7101   8793.975     26.221    38137
   38930 10000.000   3.893   6907   9212.772     25.687    38930
   31368 10000.000   3.137   6761  10745.091     31.880    31368
   26800 10000.000   2.680   6499   9392.134     37.313    26800
   39963 10000.000   3.996   6131  11176.372     25.023    39963
   35157 10000.000   3.516   6919   9603.998     28.444    35157
   32976 10000.000   3.298   7074   8908.683     30.325    32976
   35262 10000.000   3.526   6607  11762.149     28.359    35262
   28557 10000.000   2.856   7748   9168.820     35.018    28557
   30242 10000.000   3.024   6059  10136.003     33.067    30242
   24909 10000.000   2.491   7877   9233.202     40.146    24909
   32426 10000.000   3.243   6315   9632.263     30.839    32426
   28957 10000.000   2.896   7887   9277.015     34.534    28957
   29846 10000.000   2.985   7581   8661.029     33.505    29846
   25653 10000.000   2.565   6328   9800.620     38.982    25653
   49850 10000.000   4.985   6701  11898.145     20.060    49850
   36395 10000.000   3.639   5911  10704.643     27.476    36395
   40325 10000.000   4.032   6906  10849.520     24.799    40325
   36428 10000.000   3.643   6782  10794.989     27.451    36428
   30751 10000.000   3.075   6565   9098.929     32.519    30751
   36874 10000.000   3.687   7034   9372.189     27.119    36874
   35263 10000.000   3.526   7299  10203.658     28.358    35263
   32463 10000.000   3.246   6688  10569.872     30.804    32463
   43516 10000.000   4.352   7439  10523.128     22.980    43516
   43797 10000.000   4.380   5504  11900.352     22.833    43797
   42795 10000.000   4.279   6571  10155.062     23.367    42795
   42985 10000.000   4.298   6929  10281.340     23.264    42985
   47953 10000.000   4.795   5027  11941.156     20.854    47953
   25513 10000.000   2.551   6719   9120.314     39.196    25513
   39161 10000.000   3.916   6374  10892.824     25.536    39161
   67674 10000.000   6.767   7001  11245.571     14.777    67674
   31680 10000.000   3.168   5908   9870.739     31.566    31680
   31416 10000.000   3.142   6315  10844.696     31.831    31416
   45625 10000.000   4.562   7059  10499.132     21.918    45625
   46011 10000.000   4.601   6113   9785.886     21.734    46011
   27605 10000.000   2.760   6804   8685.724     36.225    27605
   46905 10000.000   4.691   6291  10703.874     21.320    46905
   26753 10000.000   2.675   7484   8552.238     37.379    26753
   41474 10000.000   4.147   7784   9643.406     24.111    41474
   31312 10000.000   3.131   7091   9016.929     31.937    31312
   37588 10000.000   3.759   6637   9923.404     26.604    37588
   37371 10000.000   3.737   7297   9554.223     26.759    37371
invite          equal           one               100  1000000 0.000000    5    5  0.25    5  12745
   43870 10000.000   4.387   7063   9460.942     22.795    43870
   26760 10000.000   2.676   6287   9792.744     37.369    26760
   28297 10000.000   2.830   7383   8986.497     35.339    28297
   31047 10000.000   3.105   6175  10035.394     32.209    31047
   33567 10000.000   3.357   7441   8567.793     29.791    33567
   39542 10000.000   3.954   6118   9855.403     25.290    39542
   26583 10000.000   2.658   6981   9111.708     37.618    26583
   27854 10000.000   2.785   6972  10112.800     35.901    27854
   25989 10000.000   2.599   6526   9822.444     38.478    25989
   28209 10000.000   2.821   7110   8823.230     35.450    28209
   28034 10000.000   2.803   7764   8562.808     35.671    28034
   52507 10000.000   5.251   7708   9837.263     19.045    52507
   28331 10000.000   2.833   6066   9714.442     35.297    28331
   47231 10000.000   4.723   5485  10982.975     21.173    47231
   52126 10000.000   5.213   5294  11819.476     19.184    52126
   36566 10000.000   3.657   7603   8982.954     27.348    36566
   40364 10000.000   4.036   6456  10140.265     24.775    40364
   32779 10000.000   3.278   6924   9237.085     30.507    32779
   30206 10000.000   3.021   7102   9477.945     33.106    30206
   49845 10000.000   4.984   7497   9758.995     20.062    49845
   38626 10000.000   3.863   5770  10495.190     25.889    38626
   40932 10000.000   4.093   6483  12588.606     24.431    40932
   29104 10000.000   2.910   6819   9915.071     34.360    29104
   41998 10000.000   4.200   7118  10273.261     23.811    41998
   32031 10000.000   3.203   6795  10017.794     31.220    32031
   39692 10000.000   3.969   5975   9889.058     25.194    39692
   76347 10000.000   7.635   5316  12256.537     13.098    76347
   34285 10000.000   3.429   7815   9336.508     29.167    34285
   31470 10000.000   3.147   6787  11032.162     31.776    31470
   34569 10000.000   3.457   6089  10299.445     28.928    34569
   39919 10000.000   3.992   5174  11007.971     25.051    39919
   40706 10000.000   4.071   7051   9889.003     24.566    40706
   41542 10000.000   4.154   7886   9179.543     24.072    41542
   29544 10000.000   2.954   7334  10168.191     33.848    29544
   61547 10000.000   6.155   6119  11608.410     16.248    61547
   32750 10000.000   3.275   6984   9737.622     30.534    32750
   27950 10000.000   2.795   7300   8192.024     35.778    27950
   65982 10000.000   6.598   6047  11130.463     15.156    65982
   32124 10000.000   3.212   6650   9290.983     31.129    32124
   56766 10000.000   5.677   5809  10855.176     17.616    56766
   41646 10000.000   4.165   6310  10461.933     24.012    41646
   32365 10000.000   3.236   6314  10569.279     30.898    32365
   35356 10000.000   3.536   7397  10039.872     28.284    35356
   33915 10000.000   3.392   6589  10026.410     29.485    33915
   50857 10000.000   5.086   6192  10565.282     19.663    50857
   41184 10000.000   4.118   6816  10032.312     24.281    41184
   40733 10000.000   4.073   6397  10467.997     24.550    40733
   40406 10000.000   4.041   7119   8568.847     24.749    40406
   30621 10000.000   3.062   7103   9256.223     32.657    30621
   51843 10000.000   5.184   7134   9835.527     19.289    51843
   30104 10000.000   3.010   7078  10008.895     33.218    30104
   40536 10000.000   4.054   5861  11098.279     24.669    40536
   39344 10000.000   3.934   6538   9818.376     25.417    39344
   29058 10000.000   2.906   7528   8278.378     34.414    29058
   36114 10000.000   3.611   6862  10497.285     27.690    36114
   40981 10000.000   4.098   7697   9883.456     24.402    40981
   27421 10000.000   2.742   6530   8761.517     36.468    27421
   30629 10000.000   3.063   7493   8854.873     32.649    30629
   34356 10000.000   3.436   5835  10379.071     29.107    34356
   45884 10000.000   4.588   7756   9131.901     21.794    45884
   38765 10000.000   3.877   5390  10604.262     25.796    38765
   37226 10000.000   3.723   6636  10684.246     26.863    37226
   44532 10000.000   4.453   6230  10671.310     22.456    44532
   42436 10000.000   4.244   7143   8761.972     23.565    42436
   37381 10000.000   3.738   7327   9733.647     26.752    37381
   37431 10000.000   3.743   7362  10127.458     26.716    37431
   26276 10000.000   2.628   7414   8393.630     38.058    26276
   50596 10000.000   5.060   6627  10440.732     19.764    50596
   39751 10000.000   3.975   6714   9720.184     25.157    39751
   62668 10000.000   6.267   6086  11559.417     15.957    62668
   23907 10000.000   2.391   8077   7996.592     41.829    23907
   31720 10000.000   3.172   7486   8172.793     31.526    31720
   24807 10000.000   2.481   6739   9083.158     40.311    24807
   28462 10000.000   2.846   7445   9375.650     35.135    28462
   68251 10000.000   6.825   5131  11933.858     14.652    68251
   32263 10000.000   3.226   7350   9162.780     30.995    32263
   66476 10000.000   6.648   6761  11366.834     15.043    66476
   30534 10000.000   3.053   7098   9079.422     32.750    30534
   36070 10000.000   3.607   7008   9678.000     27.724    36070
   35093 10000.000   3.509   6948   9109.511     28.496    35093
   46835 10000.000   4.684   6173  10610.883     21.352    46835
   39448 10000.000   3.945   6817  10484.881     25.350    39448
   37817 10000.000   3.782   6721  10163.757     26.443    37817
   27315 10000.000   2.732   7196   8991.065     36.610    27315
   44512 10000.000   4.451   5907  10383.423     22.466    44512
   26036 10000.000   2.604   6582   9412.574     38.408    26036
   33187 10000.000   3.319   7050  10243.443     30.132    33187
   39794 10000.000   3.979   7738  10072.214     25.129    39794
   41722 10000.000   4.172   7240   8961.291     23.968    41722
   25560 10000.000   2.556   6985   9281.325     39.124    25560
   33242 10000.000   3.324   5419  11091.733     30.082    33242
   26968 10000.000   2.697   6701   9915.086     37.081    26968
   33575 10000.000   3.357   7020   9575.651     29.784    33575
   83511 10000.000   8.351   5798  12022.013     11.974    83511
   48608 10000.000   4.861   6883  10633.268     20.573    48608
   26919 10000.000   2.692   6437  11134.370     37.148    26919
   51423 10000.000   5.142   6191  11985.102     19.447    51423
   24506 10000.000   2.451   6273   9840.993     40.806    24506
   32015 10000.000   3.201   7292   9408.718     31.235    32015
   41034 10000.000   4.103   7462   9059.806     24.370    41034
invite          equal           one               100  1000000 0.000000    5    5  0.25   10  12845
   36014 10000.000   3.601   6773   9942.803     27.767    36014
   22284 10000.000   2.228   7496  10061.220     44.875    22284
   39893 10000.000   3.989   6387  10804.944     25.067    39893
   42265 10000.000   4.226   6063  10490.228     23.660    42265
   33967 10000.000   3.397   7633   9067.821     29.440    33967
   44155 10000.000   4.415   6312  10431.307     22.647    44155
   52972 10000.000   5.297   7117   9599.658     18.878    52972
   29897 10000.000   2.990   7249   9072.266     33.448    29897
   49940 10000.000   4.994   7631   9801.242     20.024    49940
   25251 10000.000   2.525   6351  10093.136     39.602    25251
   32236 10000.000   3.224   6437  10587.319     31.021    32236
   33002 10000.000   3.300   6875   9732.820     30.301    33002
   30128 10000.000   3.013   7671   9260.440     33.192    30128
   39876 10000.000   3.988   6599  10115.415     25.078    39876
   48161 10000.000   4.816   5982  10019.085     20.764    48161
   38730 10000.000   3.873   5651  11321.619     25.820    38730
   27465 10000.000   2.747   6922   9225.087     36.410    27465
   35312 10000.000   3.531   6372  10339.028     28.319    35312
   23265 10000.000   2.326   6619   8986.545     42.983    23265
   24766 10000.000   2.477   7114  10030.102     40.378    24766
   32757 10000.000   3.276   7837   9136.772     30.528    32757
   27428 10000.000   2.743   7805   8563.983     36.459    27428
   53456 10000.000   5.346   7218  10642.147     18.707    53456
   31952 10000.000   3.195   6661   9485.141     31.297    31952
   24708 10000.000   2.471   6797   9015.525     40.473    24708
   67886 10000.000   6.789   7585  10404.204     14.731    67886
   30951 10000.000   3.095   7869   8917.557     32.309    30951
   41612 10000.000   4.161   5878  12361.347     24.032    41612
   29242 10000.000   2.924   7235  10049.769     34.197    29242
   30957 10000.000   3.096   7653   9330.832     32.303    30957
   30230 10000.000   3.023   7678   9182.624     33.080    30230
   35091 10000.000   3.509   8013   8057.300     28.497    35091
   52055 10000.000   5.205   5649  11280.457     19.210    52055
   33809 10000.000   3.381   7027   8965.070     29.578    33809
   43785 10000.000   4.378   7218  10072.010     22.839    43785
   33899 10000.000   3.390   6527  10031.681     29.499    33899
   41196 10000.000   4.120   6547  10538.606     24.274    41196
   27885 10000.000   2.788   7263   8059.674     35.862    27885
   31747 10000.000   3.175   7157  10220.096     31.499    31747
   21492 10000.000   2.149   6682   8087.877     46.529    21492
   38749 10000.000   3.875   7291   8897.728     25.807    38749
   38795 10000.000   3.880   6591  10112.905     25.777    38795
   27777 10000.000   2.778   7182   9188.663     36.001    27777
   42022 10000.000   4.202   7021  10334.985     23.797    42022
   24924 10000.000   2.492   7885   8193.447     40.122    24924
   30871 10000.000   3.087   7636   7933.493     32.393    30871
   39247 10000.000   3.925   6990  10195.053     25.480    39247
   50636 10000.000   5.064   6311  10476.386     19.749    50636
   53118 10000.000   5.312   6539  10378.684     18.826    53118
   29616 10000.000   2.962   8318   8549.923     33.766    29616
   33066 10000.000   3.307   7760   9214.563     30.243    33066
   45785 10000.000   4.579   6268  10071.789     21.841    45785
   31139 10000.000   3.114   7226   8834.767     32.114    31139
   34478 10000.000   3.448   7146   8850.742     29.004    34478
   25398 10000.000   2.540   7495   8684.046     39.373    25398
   19809 10000.000   1.981   8571   7953.178     50.482    19809
   26346 10000.000   2.635   7244  10400.279     37.956    26346
   37770 10000.000   3.777   7883   9004.783     26.476    37770
   30299 10000.000   3.030   7404   9166.314     33.004    30299
   26706 10000.000   2.671   5794   9955.351     37.445    26706
   25970 10000.000   2.597   7884   8121.034     38.506    25970
   39076 10000.000   3.908   6892   9585.257     25.591    39076
   53338 10000.000   5.334   7066   9754.640     18.748    53338
   76332 10000.000   7.633   7602  10691.448     13.101    76332
   32513 10000.000   3.251   7225   8848.283     30.757    32513
   33324 10000.000   3.332   6415  10980.248     30.008    33324
   31839 10000.000   3.184   6711   9510.368     31.408    31839
   26706 10000.000   2.671   5381  11298.295     37.445    26706
   30332 10000.000   3.033   5389  10261.854     32.968    30332
   43817 10000.000   4.382   6562  10782.391     22.822    43817
   40314 10000.000   4.031   6380  10546.540     24.805    40314
   37965 10000.000   3.796   6605  10031.138     26.340    37965
   45109 10000.000   4.511   6680  10580.556     22.169    45109
   30444 10000.000   3.044   7123   8687.651     32.847    30444
   51621 10000.000   5.162   8571  10097.150     19.372    51621
   35311 10000.000   3.531   6818  10279.062     28.320    35311
   40262 10000.000   4.026   6637  10569.411     24.837    40262
   39277 10000.000   3.928   7272   9334.780     25.460    39277
   26745 10000.000   2.675   6018   9506.031     37.390    26745
   37011 10000.000   3.701   7031   9595.275     27.019    37011
   27597 10000.000   2.760   7379   9726.206     36.236    27597
   55354 10000.000   5.535   6866  10457.669     18.066    55354
   39211 10000.000   3.921   6841  11366.854     25.503    39211
   31875 10000.000   3.188   7641   8174.472     31.373    31875
   31661 10000.000   3.166   6939   8660.036     31.585    31661
   32523 10000.000   3.252   5703  11088.305     30.747    32523
   36159 10000.000   3.616   6675   9824.871     27.656    36159
   31387 10000.000   3.139   7809   9240.641     31.860    31387
   38733 10000.000   3.873   7710   9052.327     25.818    38733
   30898 10000.000   3.090   6240   9989.185     32.365    30898
   39723 10000.000   3.972   7415   9519.056     25.174    39723
   31725 10000.000   3.172   7107   8831.696     31.521    31725
   21675 10000.000   2.167   8404   8431.931     46.136    21675
   29055 10000.000   2.905   5401  11070.653     34.417    29055
   33160 10000.000   3.316   7058   9549.427     30.157    33160
   36223 10000.000   3.622   6888   9486.887     27.607    36223
   33857 10000.000   3.386   7700   9096.336     29.536    33857
   80683 10000.000   8.068   4868  13585.895     12.394    80683
   32855 10000.000   3.285   6804  10337.017     30.437    32855
   21825 10000.000   2.183   6918   8498.456     45.819    21825
invite          equal           one               100  1000000 0.000000    5   10  0.00    5  12945
   42338 10000.000   4.234   7401   9714.209     23.619    42326
   38574 10000.000   3.857   7604   9463.549     25.924    38572
   24933 10000.000   2.493   7430   8925.275     40.107    24929
   35549 10000.000   3.555   6347  10571.956     28.130    35549
   44487 10000.000   4.449   7238   9136.280     22.478    44483
   37256 10000.000   3.726   5594  10060.283     26.841    37252
   27914 10000.000   2.791   7398   8832.035     35.824    27444
   41165 10000.000   4.117   6700   9716.822     24.292    41164
   34071 10000.000   3.407   7629   8879.985     29.350    34070
   25462 10000.000   2.546   8315   7920.931     39.274    25459
   43909 10000.000   4.391   8393  10138.231     22.774    43903
   61782 10000.000   6.178   6696  10066.718     16.186    61781
   27057 10000.000   2.706   7227   9132.210     36.959    27054
   60084 10000.000   6.008   5477  12382.985     16.643    60081
   30143 10000.000   3.014   7626   8800.881     33.175    30141
   37253 10000.000   3.725   7277   9245.582     26.843    37250
   35890 10000.000   3.589   5499  11319.948     27.863    35886
   24480 10000.000   2.448   6800   8543.682     40.850    24476
   49805 10000.000   4.981   7423   9319.376     20.078    49804
   26209 10000.000   2.621   7070   9565.789     38.155    26207
   39537 10000.000   3.954   6733   9814.206     25.293    38849
   53555 10000.000   5.356   7406  10299.093     18.672    53546
   53513 10000.000   5.351   6763   9923.870     18.687    53512
   30602 10000.000   3.060   7064   8698.145     32.678    30597
   41963 10000.000   4.196   7767   9569.987     23.831    41960
   33955 10000.000   3.396   7070  10201.557     29.451    33952
   26519 10000.000   2.652   6615   9401.950     37.709    26516
   37355 10000.000   3.736   8148   8719.286     26.770    37354
   31234 10000.000   3.123   5351  11014.168     32.016    31230
   29872 10000.000   2.987   6603  10208.525     33.476    29871
   35404 10000.000   3.540   7134   9206.433     28.245    35402
   45867 10000.000   4.587   7331   9689.413     21.802    45865
   43849 10000.000   4.385   7352   9673.156     22.806    43847
   46824 10000.000   4.682   6124  10773.298     21.357    46821
   30331 10000.000   3.033   7830   9454.651     32.970    30327
   30393 10000.000   3.039   7739   9122.850     32.902    30389
   35620 10000.000   3.562   8093   9391.169     28.074    35617
   27244 10000.000   2.724   6965   9854.580     36.705    27240
   35743 10000.000   3.574   7014   9647.559     27.978    35739
   58332 10000.000   5.833   6123  12818.138     17.143    58332
   29499 10000.000   2.950   6282   9734.685     33.899    29495
   45243 10000.000   4.524   7238   9730.354     22.103    45241
   61297 10000.000   6.130   6895  12455.573     16.314    61295
   38256 10000.000   3.826   6600  10389.153     26.140    38254
   33928 10000.000   3.393   7315   9437.862     29.474    33926
   36613 10000.000   3.661   7882   8258.185     27.313    36612
   27283 10000.000   2.728   6907   8654.710     36.653    27278
   36563 10000.000   3.656   7769   9396.620     27.350    36563
   25188 10000.000   2.519   7941   8367.930     39.701    25186
   40014 10000.000   4.001   6325  11403.939     24.991    40014
   25087 10000.000   2.509   7350   8998.751     39.861    25084
   73528 10000.000   7.353   6852  11986.532     13.600    73379
   29778 10000.000   2.978   7149   9179.530     33.582    29778
   63448 10000.000   6.345   5578  11489.359     15.761    63444
   32225 10000.000   3.223   7206   8785.480     31.032    32223
   33842 10000.000   3.384   7523   8887.153     29.549    33838
   38537 10000.000   3.854   7082  10040.847     25.949    38533
   42263 10000.000   4.226   7880   8945.518     23.661    42260
   23373 10000.000   2.337   6906   9480.087     42.784    23371
   39621 10000.000   3.962   7692   8678.185     25.239    39621
   31314 10000.000   3.131   6545  10272.897     31.935    31313
   26291 10000.000   2.629   6910   9175.048     38.036    26288
   32591 10000.000   3.259   6506   9864.359     30.683    32587
   40655 10000.000   4.066   7456   9730.402     24.597    39007
   36018 10000.000   3.602   6547   9692.713     27.764    36013
   25202 10000.000   2.520   7577   8464.423     39.679    25202
   45252 10000.000   4.525   6778   9386.828     22.098    45248
   36018 10000.000   3.602   5891  10807.830     27.764    36017
   46987 10000.000   4.699   7124  10083.640     21.282    46987
   34297 10000.000   3.430   6763   9809.724     29.157    34296
   33120 10000.000   3.312   6094  11361.100     30.193    33116
   27784 10000.000   2.778   7929   7985.022     35.992    27783
   43521 10000.000   4.352   7015   9446.808     22.977    43517
   39275 10000.000   3.928   7751   9083.395     25.461    39273
   28898 10000.000   2.890   7851   9248.154     34.604    28896
   34770 10000.000   3.477   6773   9505.919     28.760    34764
   48236 10000.000   4.824   6125   9937.943     20.731    48236
   43678 10000.000   4.368   6720   9908.180     22.895    43675
   68396 10000.000   6.840   7349  11209.238     14.621    68396
   45592 10000.000   4.559   7498   9099.156     21.934    45589
   30819 10000.000   3.082   6364  10339.356     32.448    30816
   27171 10000.000   2.717   6780   9490.839     36.804    27166
   29063 10000.000   2.906   7897   8560.572     34.408    29062
   24414 10000.000   2.441   6541   9401.623     40.960    24414
   33751 10000.000   3.375   7194   8498.589     29.629    33748
   30052 10000.000   3.005   5577  10563.669     33.276    30048
   46418 10000.000   4.642   5760  10539.273     21.543    46415
   39917 10000.000   3.992   5871  10014.561     25.052    39916
   26864 10000.000   2.686   6678   9585.335     37.225    26861
   26855 10000.000   2.686   6926   8915.990     37.237    26855
   25459 10000.000   2.546   7852   9206.848     39.279    25458
   36600 10000.000   3.660   5535  11105.886     27.322    36594
   32152 10000.000   3.215   6430   9642.884     31.102    32149
   29970 10000.000   2.997   7936   9015.645     33.367    29966
   30310 10000.000   3.031   6249   9834.428     32.992    30306
   40226 10000.000   4.023   6705   9529.332     24.860    40221
   46505 10000.000   4.651   6846  10222.363     21.503    46504
   34695 10000.000   3.470   6533  11450.595     28.823    34686
   55154 10000.000   5.515   6709  10509.606     18.131    55153
   31643 10000.000   3.164   6957   9337.187     31.603    31640
invite          equal           one               100  1000000 0.000000    5   10  0.00   10  13045
   29343 10000.000   2.934   7453   8586.711     34.080    29341
   33217 10000.000   3.322   7118   9395.236     30.105    33216
   33962 10000.000   3.396   7476   8618.437     29.445    33961
   57046 10000.000   5.705   7253  10250.090     17.530    57044
   37499 10000.000   3.750   6415  11339.038     26.667    37495
   32885 10000.000   3.288   8759   8081.431     30.409    32885
   29612 10000.000   2.961   6682  10161.115     33.770    29611
   40882 10000.000   4.088   5789  11059.049     24.461    40881
   40904 10000.000   4.090   7210   9361.480     24.447    40903
   35452 10000.000   3.545   7527   8186.490     28.207    35446
   35326 10000.000   3.533   6714   9699.585     28.308    35323
   36419 10000.000   3.642   6030  11212.083     27.458    36415
   47044 10000.000   4.704   6680   9586.839     21.257    47041
   73970 10000.000   7.397   6670  11926.697     13.519    73967
   36479 10000.000   3.648   7196  10196.851     27.413    36476
   38736 10000.000   3.874   6011  10661.693     25.816    38732
   39590 10000.000   3.959   5348  10564.854     25.259    39588
   41474 10000.000   4.147   7114  10156.777     24.111    41472
   26072 10000.000   2.607   6800   9687.590     38.355    26068
   35644 10000.000   3.564   6129  10201.205     28.055    35642
   34391 10000.000   3.439   6978   9951.281     29.077    34387
   30809 10000.000   3.081   7885   9254.340     32.458    30809
   35857 10000.000   3.586   5816  10669.292     27.889    35853
   29933 10000.000   2.993   8158   8344.148     33.408    29930
   32917 10000.000   3.292   7736   8651.054     30.379    32913
   25656 10000.000   2.566   6645   8765.672     38.977    25651
   32721 10000.000   3.272   6389   9151.587     30.561    32717
   37530 10000.000   3.753   6173  10886.832     26.645    37527
   38202 10000.000   3.820   7911   9285.813     26.177    38199
   26978 10000.000   2.698   5927  10034.035     37.067    26977
   51093 10000.000   5.109   5770  10141.249     19.572    51089
   40311 10000.000   4.031   6209  11093.492     24.807    40308
   33247 10000.000   3.325   7733   9284.768     30.078    33243
   32930 10000.000   3.293   6648  10243.516     30.367    32926
   37760 10000.000   3.776   8427   9335.005     26.483    37759
   72905 10000.000   7.290   5910  10906.155     13.716    72904
   59457 10000.000   5.946   6082  12313.067     16.819    59454
   48995 10000.000   4.899   6479  10540.056     20.410    48991
   32393 10000.000   3.239   6864   9490.012     30.871    32390
   46494 10000.000   4.649   6498  10204.057     21.508    46492
   46228 10000.000   4.623   7381   9529.320     21.632    46224
   49753 10000.000   4.975   4796  11261.828     20.099    49752
   45376 10000.000   4.538   6018  10184.282     22.038    45373
   39735 10000.000   3.974   6494  10198.884     25.167    39729
   41746 10000.000   4.175   6666  10033.219     23.954    41744
   29295 10000.000   2.929   6268   9443.286     34.136    29294
   43732 10000.000   4.373   5653   9771.513     22.867    43727
   32570 10000.000   3.257   8212   8495.279     30.703    32569
   36820 10000.000   3.682   7592   8858.914     27.159    36817
   52126 10000.000   5.213   6738  11142.752     19.184    52124
   32172 10000.000   3.217   8085   8907.042     31.083    32169
   28967 10000.000   2.897   6167   9179.941     34.522    28965
   36967 10000.000   3.697   6543  10057.989     27.051    36967
   39268 10000.000   3.927   6101  10815.259     25.466    39268
   32281 10000.000   3.228   6889   9333.945     30.978    32281
   33692 10000.000   3.369   5507  11481.516     29.681    33691
   37772 10000.000   3.777   6507   9957.411     26.475    37768
   30956 10000.000   3.096   7246   8268.376     32.304    30952
   27938 10000.000   2.794   7714   8931.797     35.794    27936
   28842 10000.000   2.884   7084   9065.566     34.672    28838
   42657 10000.000   4.266   7083   9732.064     23.443    42657
   29562 10000.000   2.956   5933   9780.591     33.827    29554
   49230 10000.000   4.923   6235  10365.485     20.313    49229
   39016 10000.000   3.902   6982   9778.654     25.631    39013
   49330 10000.000   4.933   6311  11321.654     20.272    49328
   28034 10000.000   2.803   6884   9554.062     35.671    28028
   60347 10000.000   6.035   6855   9807.112     16.571    60347
   32032 10000.000   3.203   6089   9535.786     31.219    32032
   35050 10000.000   3.505   6808  10329.087     28.531    35048
   38163 10000.000   3.816   6080  10249.980     26.203    38159
   36053 10000.000   3.605   6748  10331.968     27.737    36050
   26178 10000.000   2.618   6962   8735.655     38.200    26176
   29194 10000.000   2.919   7762   8820.232     34.254    29193
   50067 10000.000   5.007   7159  10132.911     19.973    50064
   32927 10000.000   3.293   6617   9788.833     30.370    32923
   32899 10000.000   3.290   7267   9587.563     30.396    32896
   40612 10000.000   4.061   6684   9419.191     24.623    40612
   33750 10000.000   3.375   6015  11103.774     29.630    33749
   24782 10000.000   2.478   7454   8049.216     40.352    24778
   39062 10000.000   3.906   5933  10562.595     25.600    39062
   29513 10000.000   2.951   7024   9634.410     33.883    29510
   29415 10000.000   2.942   6997   9450.729     33.996    29413
   42836 10000.000   4.284   6259  10683.270     23.345    42834
   45822 10000.000   4.582   5961  10342.264     21.824    45820
   35387 10000.000   3.539   7990  10167.282     28.259    35385
   34224 10000.000   3.422   7553  10615.589     29.219    34220
