neighbors       equal           one              1000  1000000 0.000000    5    5  0.00    5  12345
    4190 1000.000   4.190    699    969.633    238.663     4178
    4100 1000.000   4.100    662   1012.266    243.902     4075
    4233 1000.000   4.233    709   1006.852    236.239     4223
    4778 1000.000   4.778    678   1012.938    209.293     4718
    4559 1000.000   4.559    676   1008.799    219.346     4540
    4220 1000.000   4.220    723    981.931    236.967     4217
    4194 1000.000   4.194    684   1038.407    238.436     4190
    4089 1000.000   4.089    732    963.948    244.559     4079
    4447 1000.000   4.447    663   1012.809    224.871     4446
    3690 1000.000   3.690    700    974.190    271.003     3684
    4323 1000.000   4.323    677   1012.511    231.321     4311
    4127 1000.000   4.127    680    999.803    242.307     4121
    4152 1000.000   4.152    727    958.482    240.848     4147
    4090 1000.000   4.090    710    964.508    244.499     4063
    4514 1000.000   4.514    721    994.733    221.533     4462
    4392 1000.000   4.392    721   1031.759    227.687     4315
    3993 1000.000   3.993    686    955.017    250.438     3979
    4707 1000.000   4.707    690    989.277    212.450     4704
    4012 1000.000   4.012    697    972.304    249.252     3989
    4234 1000.000   4.234    702    997.277    236.183     4223
    4312 1000.000   4.312    728    954.114    231.911     4256
    4021 1000.000   4.021    691   1006.517    248.694     4021
    3989 1000.000   3.989    719    966.276    250.689     3969
    3913 1000.000   3.913    697   1032.493    255.558     3911
    4434 1000.000   4.434    677   1031.075    225.530     4434
    5245 1000.000   5.245    684   1072.321    190.658     5242
    4526 1000.000   4.526    677   1002.966    220.946     4494
    4033 1000.000   4.033    661   1006.742    247.954     4015
    4699 1000.000   4.699    716    978.884    212.811     4693
    4511 1000.000   4.511    678    990.353    221.680     4503
    4692 1000.000   4.692    696    985.003    213.129     4568
    4417 1000.000   4.417    719    987.686    226.398     4406
    4172 1000.000   4.172    693    957.935    239.693     4172
    4229 1000.000   4.229    680   1035.294    236.463     4200
    3657 1000.000   3.657    673   1005.327    273.448     3646
    4080 1000.000   4.080    726    934.642    245.098     4058
    4269 1000.000   4.269    691   1017.905    234.247     4266
    5055 1000.000   5.055    663   1015.900    197.824     4938
    4245 1000.000   4.245    689   1001.105    235.571     4227
    3920 1000.000   3.920    715    949.972    255.102     3909
    3867 1000.000   3.867    665   1000.741    258.598     3860
    4494 1000.000   4.494    705   1052.746    222.519     4462
    4209 1000.000   4.209    683    969.608    237.586     4184
    3999 1000.000   3.999    743    923.209    250.063     3983
    4223 1000.000   4.223    713    991.680    236.798     4189
    3807 1000.000   3.807    691   1012.605    262.674     3765
    4235 1000.000   4.235    701   1001.656    236.128     4227
    4126 1000.000   4.126    693    997.337    242.365     4090
    4366 1000.000   4.366    709   1037.847    229.043     4221
    4410 1000.000   4.410    712   1008.021    226.757     4383
    4196 1000.000   4.196    683    979.890    238.322     4190
    4839 1000.000   4.839    685   1029.243    206.654     4834
    3441 1000.000   3.441    694    951.344    290.613     3438
    4374 1000.000   4.374    678   1009.077    228.624     4309
    4529 1000.000   4.529    706   1005.331    220.799     4486
    4632 1000.000   4.632    712   1002.809    215.889     4561
    5572 1000.000   5.572    673   1046.168    179.469     5275
    4606 1000.000   4.606    666   1027.777    217.108     4570
    4431 1000.000   4.431    681   1042.034    225.683     4427
    4247 1000.000   4.247    673   1024.913    235.460     4179
    4260 1000.000   4.260    670   1035.233    234.742     4257
    4378 1000.000   4.378    722    998.689    228.415     4305
    3728 1000.000   3.728    672    984.249    268.240     3720
    4111 1000.000   4.111    693    997.879    243.250     4101
    4186 1000.000   4.186    717    988.783    238.892     4178
    4484 1000.000   4.484    716    991.479    223.015     4445
    4614 1000.000   4.614    693   1032.195    216.732     4519
    5464 1000.000   5.464    679   1050.014    183.016     5388
    3537 1000.000   3.537    695    938.114    282.725     3493
    4377 1000.000   4.377    686   1002.689    228.467     4369
    4660 1000.000   4.660    733    990.644    214.592     4411
    4310 1000.000   4.310    675   1009.224    232.019     4282
    4159 1000.000   4.159    709    974.414    240.442     3991
    4316 1000.000   4.316    652    984.807    231.696     4315
    3916 1000.000   3.916    626   1035.066    255.363     3913
    4181 1000.000   4.181    682   1036.539    239.177     4108
    4182 1000.000   4.182    695    982.242    239.120     4169
    4147 1000.000   4.147    720    992.291    241.138     4145
    4918 1000.000   4.918    716   1033.199    203.335     4910
    5448 1000.000   5.448    669   1087.789    183.554     5444
    3980 1000.000   3.980    722    968.176    251.256     3977
    3746 1000.000   3.746    691    978.100    266.951     3726
    3561 1000.000   3.561    711    954.641    280.820     3538
    4437 1000.000   4.437    723    980.134    225.378     4400
    3623 1000.000   3.623    726    944.873    276.014     3623
    4591 1000.000   4.591    698   1007.267    217.817     4586
    4526 1000.000   4.526    682   1035.321    220.946     4522
    3704 1000.000   3.704    740    951.971    269.978     3702
    3836 1000.000   3.836    711    947.821    260.688     3831
    3836 1000.000   3.836    688   1036.859    260.688     3811
    4143 1000.000   4.143    674   1037.031    241.371     4142
    3999 1000.000   3.999    696    979.019    250.063     3995
    4494 1000.000   4.494    708    980.156    222.519     4473
    4272 1000.000   4.272    664   1013.897    234.082     4260
    4271 1000.000   4.271    677   1011.339    234.137     4268
    5118 1000.000   5.118    721    975.594    195.389     5036
    4315 1000.000   4.315    682   1020.088    231.750     4278
    3852 1000.000   3.852    716    980.252    259.605     3819
    3938 1000.000   3.938    692    997.414    253.936     3930
    5166 1000.000   5.166    720   1002.846    193.573     5160
neighbors       equal           one              1000  1000000 0.000000    5    5  0.00   10  12445
    4300 1000.000   4.300    679   1031.675    232.558     4260
    3515 1000.000   3.515    747    931.640    284.495     3506
    4256 1000.000   4.256    649   1028.228    234.962     4210
    4101 1000.000   4.101    689   1007.977    243.843     4098
    4244 1000.000   4.244    679   1007.716    235.627     4038
    4054 1000.000   4.054    711    958.422    246.670     3943
    3917 1000.000   3.917    674   1011.639    255.297     3887
    3966 1000.000   3.966    709    981.021    252.143     3918
    3662 1000.000   3.662    715    949.939    273.075     3628
    4137 1000.000   4.137    699   1012.379    241.721     4121
    3675 1000.000   3.675    676    991.944    272.109     3654
    3837 1000.000   3.837    661   1005.332    260.620     3518
    4123 1000.000   4.123    690   1025.400    242.542     4092
    3896 1000.000   3.896    734    939.423    256.674     3477
    4455 1000.000   4.455    727   1001.677    224.467     4433
    3622 1000.000   3.622    711    991.896    276.091     3613
    3714 1000.000   3.714    682    971.498    269.251     3548
    4256 1000.000   4.256    669   1040.232    234.962     4254
    4017 1000.000   4.017    704    971.140    248.942     4015
    3423 1000.000   3.423    707    951.171    292.141     3412
    3529 1000.000   3.529    722    975.780    283.366     3449
    3982 1000.000   3.982    731    979.220    251.130     3953
    3834 1000.000   3.834    708    995.541    260.824     3791
    3639 1000.000   3.639    704    952.376    274.801     3534
    4285 1000.000   4.285    668    996.675    233.372     4096
    3970 1000.000   3.970    689   1030.269    251.889     3964
    4320 1000.000   4.320    705    981.874    231.481     4268
    3843 1000.000   3.843    686    968.908    260.213     3812
    3448 1000.000   3.448    723    933.825    290.023     3445
    3906 1000.000   3.906    696   1012.230    256.016     3824
    3814 1000.000   3.814    662   1009.946    262.192     3803
    3836 1000.000   3.836    679    994.415    260.688     3787
    3725 1000.000   3.725    694   1006.926    268.456     3722
    3920 1000.000   3.920    675   1006.473    255.102     3874
    3866 1000.000   3.866    636   1033.980    258.665     3723
    3888 1000.000   3.888    686   1008.700    257.202     3866
    3622 1000.000   3.622    688    968.488    276.091     3563
    3987 1000.000   3.987    696   1019.109    250.815     3974
    3670 1000.000   3.670    691    983.605    272.480     3615
    3512 1000.000   3.512    718    952.780    284.738     3455
    3549 1000.000   3.549    683    994.225    281.770     3533
    3598 1000.000   3.598    704    972.359    277.932     3589
    3928 1000.000   3.928    699    983.119    254.582     3833
    4171 1000.000   4.171    668   1035.685    239.751     4092
    3981 1000.000   3.981    646   1046.680    251.193     3981
    3984 1000.000   3.984    704    987.970    251.004     3946
    3664 1000.000   3.664    717    979.772    272.926     3660
    4193 1000.000   4.193    666   1062.015    238.493     3805
    3431 1000.000   3.431    701    965.489    291.460     3422
    3815 1000.000   3.815    667   1015.250    262.123     3814
    3951 1000.000   3.951    673   1017.620    253.100     3945
    3971 1000.000   3.971    677    972.901    251.826     3888
    4048 1000.000   4.048    726    972.222    247.036     4030
    3733 1000.000   3.733    690    998.425    267.881     3706
    3599 1000.000   3.599    679    995.570    277.855     3568
    3614 1000.000   3.614    689   1017.817    276.702     3572
    4054 1000.000   4.054    675   1036.139    246.670     3959
    4500 1000.000   4.500    679   1019.807    222.222     4348
    3954 1000.000   3.954    678   1042.830    252.908     3925
    4358 1000.000   4.358    701   1067.427    229.463     4354
    3838 1000.000   3.838    660   1010.336    260.552     3819
    4235 1000.000   4.235    716   1025.650    236.128     4213
    4246 1000.000   4.246    691   1006.128    235.516     4231
    3964 1000.000   3.964    721    972.502    252.270     3947
    4144 1000.000   4.144    684   1020.203    241.313     4140
    4088 1000.000   4.088    685    984.073    244.618     4050
    4218 1000.000   4.218    710    984.328    237.079     4164
    4157 1000.000   4.157    703   1044.874    240.558     4126
    4246 1000.000   4.246    673    984.047    235.516     4212
    4061 1000.000   4.061    706   1017.565    246.245     4053
    3874 1000.000   3.874    719    959.932    258.131     3792
    3974 1000.000   3.974    712    994.561    251.636     3937
    4129 1000.000   4.129    674   1009.257    242.189     4126
    3691 1000.000   3.691    674   1002.408    270.929     3656
    3965 1000.000   3.965    684   1029.148    252.207     3958
    3871 1000.000   3.871    655    984.588    258.331     3836
    4299 1000.000   4.299    679   1059.252    232.612     4283
    3753 1000.000   3.753    719    978.477    266.454     3738
    3874 1000.000   3.874    661   1013.992    258.131     3864
    3608 1000.000   3.608    681   1004.701    277.162     3587
    3611 1000.000   3.611    682    988.525    276.932     3603
    3346 1000.000   3.346    726    952.894    298.864     3342
    3569 1000.000   3.569    684    988.540    280.191     3562
    4343 1000.000   4.343    717   1019.344    230.256     4319
    3980 1000.000   3.980    690   1005.365    251.256     3969
    3782 1000.000   3.782    682   1015.603    264.410     3611
    4455 1000.000   4.455    697   1023.899    224.467     4414
    3726 1000.000   3.726    682   1007.021    268.384     3724
    3685 1000.000   3.685    676    973.125    271.370     3678
    3392 1000.000   3.392    716    953.778    294.811     3383
    3968 1000.000   3.968    686    996.717    252.016     3929
    3729 1000.000   3.729    713    981.366    268.168     3639
    3584 1000.000   3.584    714    944.382    279.018     3568
    3560 1000.000   3.560    704    986.979    280.899     3543
    3639 1000.000   3.639    727    961.589    274.801     3546
    3686 1000.000   3.686    683   1005.225    271.297     3670
    4068 1000.000   4.068    704    976.505    245.821     4031
    4098 1000.000   4.098    698   1010.003    244.021     4014
    4088 1000.000   4.088    671   1073.687    244.618     4070
    3808 1000.000   3.808    681   1027.709    262.605     3805
neighbors       equal           one              1000  1000000 0.000000    5    5  0.10    5  12545
    4577 1000.000   4.577    709    989.532    218.484     4571
    4130 1000.000   4.130    708    967.338    242.131     4071
    4201 1000.000   4.201    666   1040.883    238.039     4113
    4224 1000.000   4.224    758    935.438    236.742     4220
    4423 1000.000   4.423    721    962.646    226.091     4423
    4756 1000.000   4.756    658   1029.055    210.261     4272
    4136 1000.000   4.136    719    977.513    241.779     4136
    4407 1000.000   4.407    698    984.608    226.912     4390
    4704 1000.000   4.704    662   1029.259    212.585     4685
    4719 1000.000   4.719    681   1017.990    211.909     4708
    3984 1000.000   3.984    691   1004.590    251.004     3984
    3973 1000.000   3.973    724   1002.314    251.699     3868
    3969 1000.000   3.969    698   1001.341    251.953     3941
    4320 1000.000   4.320    662   1026.595    231.481     4308
    4064 1000.000   4.064    692    984.653    246.063     4064
    3780 1000.000   3.780    706    980.804    264.550     3745
    4315 1000.000   4.315    728    995.059    231.750     4308
    4673 1000.000   4.673    732    960.895    213.995     4673
    4017 1000.000   4.017    670   1028.234    248.942     4014
    4121 1000.000   4.121    700    982.218    242.660     4096
    4737 1000.000   4.737    686   1009.726    211.104     4737
    4222 1000.000   4.222    679    966.053    236.855     4040
    4185 1000.000   4.185    660   1021.360    238.949     4142
    3905 1000.000   3.905    653   1012.377    256.082     3903
    3816 1000.000   3.816    687    994.316    262.055     3816
    3966 1000.000   3.966    700    969.529    252.143     3966
    4638 1000.000   4.638    676   1035.225    215.610     4607
    4897 1000.000   4.897    673   1041.307    204.207     4897
    3869 1000.000   3.869    647   1027.209    258.465     3869
    4427 1000.000   4.427    717    975.458    225.887     4427
    5024 1000.000   5.024    672   1061.934    199.045     5024
    4342 1000.000   4.342    684   1011.531    230.309     4342
    4899 1000.000   4.899    677   1039.895    204.123     4899
    4362 1000.000   4.362    684   1010.912    229.253     4285
    4319 1000.000   4.319    641   1011.189    231.535     4319
    4534 1000.000   4.534    670   1022.835    220.556     4480
    4190 1000.000   4.190    699    971.524    238.663     4146
    4056 1000.000   4.056    698    991.520    246.548     3994
    4014 1000.000   4.014    672   1013.780    249.128     3977
    4003 1000.000   4.003    693    959.509    249.813     3994
    4592 1000.000   4.592    717    992.744    217.770     4579
    4245 1000.000   4.245    698   1027.628    235.571     4238
    4386 1000.000   4.386    690    990.316    227.998     4386
    3924 1000.000   3.924    694   1017.263    254.842     3924
    4083 1000.000   4.083    695    974.018    244.918     4051
    3948 1000.000   3.948    693    994.018    253.293     3937
    4211 1000.000   4.211    688   1005.237    237.473     4203
    4200 1000.000   4.200    654   1060.984    238.095     4200
    3624 1000.000   3.624    709    972.344    275.938     3611
    3810 1000.000   3.810    678   1016.310    262.467     3810
    3753 1000.000   3.753    697    996.632    266.454     3753
    4095 1000.000   4.095    721    984.501    244.200     4095
    4407 1000.000   4.407    710    982.633    226.912     4407
    4994 1000.000   4.994    661   1046.089    200.240     4994
    4020 1000.000   4.020    683   1028.034    248.756     3991
    4131 1000.000   4.131    689   1003.527    242.072     4108
    4067 1000.000   4.067    646   1046.145    245.881     4067
    3863 1000.000   3.863    724    917.062    258.866     3847
    3586 1000.000   3.586    689    987.603    278.862     3577
    4322 1000.000   4.322    709    995.668    231.374     4322
    4696 1000.000   4.696    686   1027.258    212.947     4696
    4041 1000.000   4.041    676   1015.526    247.463     4019
    3913 1000.000   3.913    751    937.650    255.558     3913
    4276 1000.000   4.276    680    991.839    233.863     4268
    4628 1000.000   4.628    660   1015.367    216.076     4612
    3661 1000.000   3.661    715    997.402    273.149     3661
    4472 1000.000   4.472    731   1007.955    223.614     4472
    3981 1000.000   3.981    741    946.853    251.193     3981
    4102 1000.000   4.102    652   1024.967    243.784     4102
    4366 1000.000   4.366    708    994.970    229.043     4361
    4206 1000.000   4.206    683    989.814    237.756     4064
    4348 1000.000   4.348    675    984.819    229.991     4317
    3797 1000.000   3.797    718    991.528    263.366     3775
    4166 1000.000   4.166    712    975.986    240.038     4166
    4606 1000.000   4.606    713    981.037    217.108     4584
    4405 1000.000   4.405    709   1033.006    227.015     4393
    4590 1000.000   4.590    684   1023.271    217.865     4569
    3880 1000.000   3.880    703    966.082    257.732     3874
    4319 1000.000   4.319    715    951.960    231.535     4253
    3906 1000.000   3.906    689    988.027    256.016     3906
    4332 1000.000   4.332    718    982.740    230.840     4290
    4462 1000.000   4.462    694    981.079    224.115     4341
    4411 1000.000   4.411    709    981.118    226.706     4411
    4474 1000.000   4.474    707    991.479    223.514     4469
    4006 1000.000   4.006    706    983.436    249.626     4006
    4337 1000.000   4.337    686    993.092    230.574     4324
    3816 1000.000   3.816    692   1015.229    262.055     3807
    4264 1000.000   4.264    678   1033.107    234.522     4258
    4997 1000.000   4.997    664   1019.689    200.120     4997
    3938 1000.000   3.938    685    998.934    253.936     3937
    4097 1000.000   4.097    703    992.221    244.081     4027
    3667 1000.000   3.667    688    968.594    272.702     3639
    4363 1000.000   4.363    681    985.661    229.200     4351
    4128 1000.000   4.128    706    985.393    242.248     4128
    4279 1000.000   4.279    674   1035.217    233.699     4279
    3450 1000.000   3.450    660    951.417    289.855     3444
    4178 1000.000   4.178    669    969.446    239.349     4157
    4269 1000.000   4.269    671    988.040    234.247     4254
    4124 1000.000   4.124    738    944.399    242.483     4124
    4059 1000.000   4.059    704    965.680    246.366     4059
neighbors       equal           one              1000  1000000 0.000000    5    5  0.10   10  12645
    3792 1000.000   3.792    720    980.306    263.713     3783
    4163 1000.000   4.163    696    979.756    240.211     4021
    3513 1000.000   3.513    708    961.867    284.657     3485
    3571 1000.000   3.571    706    954.874    280.034     3571
    4144 1000.000   4.144    708    975.652    241.313     4144
    3952 1000.000   3.952    702    960.439    253.036     3939
    4078 1000.000   4.078    694   1011.398    245.218     4078
    3780 1000.000   3.780    690    992.779    264.550     3771
    3842 1000.000   3.842    692    982.492    260.281     3840
    3881 1000.000   3.881    707   1016.351    257.666     3856
    3965 1000.000   3.965    675   1022.309    252.207     3889
    4203 1000.000   4.203    699   1000.599    237.925     4198
    3785 1000.000   3.785    674   1015.275    264.201     3656
    3918 1000.000   3.918    703    970.223    255.232     3911
    3284 1000.000   3.284    702    951.292    304.507     3272
    3475 1000.000   3.475    687   1006.728    287.770     3475
    3948 1000.000   3.948    670   1015.184    253.293     3948
    4336 1000.000   4.336    669   1039.579    230.627     4304
    3597 1000.000   3.597    694    992.460    278.009     3534
    3798 1000.000   3.798    686   1013.854    263.296     3793
    3503 1000.000   3.503    736    963.228    285.470     3482
    3738 1000.000   3.738    694    974.528    267.523     3730
    3868 1000.000   3.868    667    985.372    258.532     3838
    4290 1000.000   4.290    713   1000.916    233.100     4242
    4074 1000.000   4.074    682   1032.229    245.459     4074
    3603 1000.000   3.603    693   1001.634    277.546     3489
    4722 1000.000   4.722    686   1036.911    211.775     4684
    3428 1000.000   3.428    727    994.519    291.715     3423
    3791 1000.000   3.791    669    988.458    263.783     3791
    3531 1000.000   3.531    688   1000.960    283.206     3531
    3835 1000.000   3.835    679   1027.228    260.756     3835
    3760 1000.000   3.760    665   1056.179    265.957     3702
    4416 1000.000   4.416    647   1088.701    226.449     4352
    3919 1000.000   3.919    691   1008.939    255.167     3919
    3982 1000.000   3.982    675   1011.977    251.130     3977
    4083 1000.000   4.083    660    975.058    244.918     3813
    3978 1000.000   3.978    666   1083.904    251.383     3831
    3840 1000.000   3.840    725    981.808    260.417     3840
    4311 1000.000   4.311    696   1014.760    231.965     4311
    4032 1000.000   4.032    697    979.508    248.016     3985
    3592 1000.000   3.592    715   1000.204    278.396     3566
    3927 1000.000   3.927    692   1028.880    254.647     3871
    4173 1000.000   4.173    712    965.803    239.636     4159
    3744 1000.000   3.744    674   1000.580    267.094     3736
    3902 1000.000   3.902    698    959.109    256.279     3864
    3457 1000.000   3.457    687    978.022    289.268     3430
    3544 1000.000   3.544    661    994.845    282.167     3533
    3428 1000.000   3.428    734    979.341    291.715     3424
    3403 1000.000   3.403    671    969.751    293.858     3375
    3848 1000.000   3.848    736    943.831    259.875     3814
    3961 1000.000   3.961    731   1031.165    252.461     3956
    4902 1000.000   4.902    653   1051.565    203.998     4902
    3922 1000.000   3.922    685   1002.562    254.972     3922
    3793 1000.000   3.793    681   1010.565    263.644     3755
    4083 1000.000   4.083    701   1013.395    244.918     3987
    3556 1000.000   3.556    695    996.340    281.215     3515
    3745 1000.000   3.745    692    947.347    267.023     3711
    4003 1000.000   4.003    663   1035.028    249.813     4003
    3895 1000.000   3.895    731    989.840    256.739     3851
    4060 1000.000   4.060    704   1017.042    246.305     4006
    4065 1000.000   4.065    671   1017.721    246.002     4065
    4124 1000.000   4.124    686   1032.083    242.483     3720
    3830 1000.000   3.830    744    948.148    261.097     3799
    3305 1000.000   3.305    713    962.334    302.572     3238
    3643 1000.000   3.643    734    968.133    274.499     3514
    3401 1000.000   3.401    712    982.259    294.031     3381
    4083 1000.000   4.083    673   1010.058    244.918     4069
    4148 1000.000   4.148    685   1043.026    241.080     4116
    3623 1000.000   3.623    696    965.613    276.014     3623
    3987 1000.000   3.987    723    977.831    250.815     3953
    3619 1000.000   3.619    728    982.368    276.319     3577
    3314 1000.000   3.314    724    963.471    301.750     3249
    3621 1000.000   3.621    666    980.190    276.167     3545
    3401 1000.000   3.401    664    989.859    294.031     3395
    3877 1000.000   3.877    680    970.088    257.931     3866
    3589 1000.000   3.589    697    983.082    278.629     3554
    4768 1000.000   4.768    619   1150.255    209.732     4674
    4487 1000.000   4.487    649   1082.440    222.866     4471
    3552 1000.000   3.552    696    915.118    281.532     3513
    3502 1000.000   3.502    724    929.326    285.551     3447
    3865 1000.000   3.865    670    979.910    258.732     3818
    4025 1000.000   4.025    653   1044.342    248.447     3996
    3983 1000.000   3.983    672    995.537    251.067     3840
    3518 1000.000   3.518    685   1013.682    284.252     3510
    3882 1000.000   3.882    673   1025.071    257.599     3882
    3626 1000.000   3.626    735    899.431    275.786     3612
    4126 1000.000   4.126    669   1038.888    242.365     4088
    4104 1000.000   4.104    685    991.344    243.665     4104
    4371 1000.000   4.371    679   1035.459    228.781     4349
    3917 1000.000   3.917    678    995.549    255.297     3831
    4410 1000.000   4.410    696   1027.581    226.757     4410
    3630 1000.000   3.630    695    981.051    275.482     3629
    4729 1000.000   4.729    727   1017.282    211.461     4676
    3680 1000.000   3.680    763    938.289    271.739     3574
    4230 1000.000   4.230    715   1016.032    236.407     4113
    3724 1000.000   3.724    689    987.984    268.528     3689
    3949 1000.000   3.949    671   1037.362    253.229     3943
    3463 1000.000   3.463    715    937.971    288.767     3222
    3908 1000.000   3.908    690    998.414    255.885     3703
    4215 1000.000   4.215    693   1009.330    237.248     4215
neighbors       equal           one              1000  1000000 0.000000    5    5  0.25    5  12745
    4200 1000.000   4.200    675    987.531    238.095     4200
    4672 1000.000   4.672    730   1015.717    214.041     4644
    4197 1000.000   4.197    710    944.072    238.265     4189
    4557 1000.000   4.557    636   1077.635    219.443     4497
    3936 1000.000   3.936    692    992.888    254.065     3936
    5234 1000.000   5.234    671   1034.369    191.058     5227
    4240 1000.000   4.240    703   1059.494    235.849     4233
    4067 1000.000   4.067    660   1036.097    245.881     4028
    3641 1000.000   3.641    688    986.841    274.650     3641
    4791 1000.000   4.791    692    998.016    208.725     4742
    3931 1000.000   3.931    706    996.350    254.388     3931
    4468 1000.000   4.468    690   1019.069    223.814     4468
    3738 1000.000   3.738    676   1002.838    267.523     3709
    4312 1000.000   4.312    667   1041.290    231.911     4299
    4321 1000.000   4.321    684    998.738    231.428     4321
    4145 1000.000   4.145    675   1012.746    241.255     4145
    4249 1000.000   4.249    683   1006.942    235.349     4244
    4752 1000.000   4.752    676   1049.364    210.438     4729
    4556 1000.000   4.556    723    973.677    219.491     4523
    3873 1000.000   3.873    699    992.568    258.198     3873
    4384 1000.000   4.384    708    994.422    228.102     4377
    3816 1000.000   3.816    683    996.814    262.055     3743
    3651 1000.000   3.651    714    959.850    273.898     3651
    4468 1000.000   4.468    663   1026.805    223.814     4468
    4065 1000.000   4.065    715    990.724    246.002     4065
    4115 1000.000   4.115    680   1003.318    243.013     3824
    4081 1000.000   4.081    698    980.255    245.038     4081
    4119 1000.000   4.119    686    990.476    242.777     4100
    4214 1000.000   4.214    685    979.413    237.304     4214
    4319 1000.000   4.319    669   1030.527    231.535     4269
    4208 1000.000   4.208    674   1011.115    237.643     4202
    4699 1000.000   4.699    689   1030.054    212.811     4699
    3962 1000.000   3.962    728    962.319    252.398     3947
    3991 1000.000   3.991    690    988.208    250.564     3991
    3873 1000.000   3.873    711    989.662    258.198     3860
    4332 1000.000   4.332    718   1015.788    230.840     4332
    3764 1000.000   3.764    706    970.162    265.675     3762
    3890 1000.000   3.890    696    998.920    257.069     3890
    3883 1000.000   3.883    687   1007.425    257.533     3883
    4481 1000.000   4.481    717   1023.364    223.164     4476
    4135 1000.000   4.135    726    959.922    241.838     4135
    3734 1000.000   3.734    696    964.208    267.809     3715
    4494 1000.000   4.494    691   1021.674    222.519     4494
    3465 1000.000   3.465    659    982.482    288.600     3457
    4001 1000.000   4.001    640   1027.316    249.938     3993
    4221 1000.000   4.221    698    974.225    236.911     4221
    4427 1000.000   4.427    691    993.333    225.887     4377
    4128 1000.000   4.128    721    951.743    242.248     4093
    4312 1000.000   4.312    684   1019.405    231.911     4312
    4693 1000.000   4.693    677   1015.280    213.083     4688
    3531 1000.000   3.531    637    987.009    283.206     3499
    4092 1000.000   4.092    692   1005.233    244.379     4092
    4366 1000.000   4.366    698   1007.249    229.043     4156
    4140 1000.000   4.140    706    986.515    241.546     4097
    4679 1000.000   4.679    677    998.223    213.721     4610
    5186 1000.000   5.186    667   1004.661    192.827     5186
    4281 1000.000   4.281    703    985.657    233.590     4281
    4739 1000.000   4.739    654   1098.451    211.015     4739
    4564 1000.000   4.564    701   1019.342    219.106     4514
    3966 1000.000   3.966    694    968.944    252.143     3966
    4296 1000.000   4.296    638   1042.325    232.775     4133
    4540 1000.000   4.540    681   1020.791    220.264     4540
    5265 1000.000   5.265    718    994.041    189.934     5265
    4298 1000.000   4.298    709    973.244    232.666     4298
    4130 1000.000   4.130    690   1025.933    242.131     3937
    3577 1000.000   3.577    697    982.858    279.564     3572
    4120 1000.000   4.120    650    997.196    242.718     4120
    3568 1000.000   3.568    710    957.356    280.269     3568
    4284 1000.000   4.284    692   1003.272    233.427     4284
    3940 1000.000   3.940    699    990.312    253.807     3933
    4720 1000.000   4.720    719   1004.736    211.864     4242
    3598 1000.000   3.598    731    967.609    277.932     3570
    4293 1000.000   4.293    698   1006.496    232.937     4293
    5651 1000.000   5.651    674   1151.268    176.960     5573
    4530 1000.000   4.530    692   1038.198    220.751     4503
    4035 1000.000   4.035    663   1014.544    247.831     4035
    3836 1000.000   3.836    699    951.044    260.688     3823
    3785 1000.000   3.785    724    964.517    264.201     3767
    3913 1000.000   3.913    697    964.621    255.558     3907
    3976 1000.000   3.976    752    943.668    251.509     3925
    4105 1000.000   4.105    723    984.848    243.605     4097
    4336 1000.000   4.336    725    982.075    230.627     4336
    4335 1000.000   4.335    645   1004.242    230.681     4335
    4490 1000.000   4.490    697   1018.985    222.717     4490
    4935 1000.000   4.935    689   1037.688    202.634     4886
    4066 1000.000   4.066    666   1009.715    245.942     4050
    4633 1000.000   4.633    716    985.660    215.843     4633
    3853 1000.000   3.853    712    993.468    259.538     3853
    3833 1000.000   3.833    715    961.675    260.892     3813
    4799 1000.000   4.799    690   1015.201    208.377     4752
    3766 1000.000   3.766    683   1009.051    265.534     3725
    4828 1000.000   4.828    677   1019.646    207.125     4823
    3759 1000.000   3.759    707    985.864    266.028     3759
    4372 1000.000   4.372    708    985.637    228.728     4193
    4331 1000.000   4.331    642   1053.881    230.894     4331
    4086 1000.000   4.086    702    956.817    244.738     4086
    4450 1000.000   4.450    707    996.972    224.719     4450
    4909 1000.000   4.909    727   1000.588    203.707     4832
    4319 1000.000   4.319    735    991.559    231.535     4319
    4022 1000.000   4.022    685   1003.505    248.633     4015
neighbors       equal           one              1000  1000000 0.000000    5    5  0.25   10  12845
    4454 1000.000   4.454    668   1021.681    224.517     4196
    3542 1000.000   3.542    713   1012.204    282.326     3495
    3685 1000.000   3.685    688    984.513    271.370     3670
    4220 1000.000   4.220    675   1014.039    236.967     4220
    3586 1000.000   3.586    691    974.791    278.862     3579
    4360 1000.000   4.360    735    984.088    229.358     4330
    3687 1000.000   3.687    655   1013.661    271.223     3678
    4982 1000.000   4.982    704   1051.380    200.723     4647
    3961 1000.000   3.961    711    943.564    252.461     3898
    3558 1000.000   3.558    672   1009.475    281.057     3529
    4084 1000.000   4.084    693   1068.975    244.858     4064
    4342 1000.000   4.342    678   1054.900    230.309     4333
    3678 1000.000   3.678    699    994.746    271.887     3661
    4124 1000.000   4.124    690   1040.836    242.483     4117
    3552 1000.000   3.552    669   1032.258    281.532     3538
    3525 1000.000   3.525    695    995.926    283.688     3488
    3765 1000.000   3.765    680    978.539    265.604     3705
    3891 1000.000   3.891    674    997.945    257.003     3891
    3635 1000.000   3.635    728    945.450    275.103     3635
    3712 1000.000   3.712    643   1031.421    269.397     3634
    4354 1000.000   4.354    705    994.336    229.674     4300
    3658 1000.000   3.658    717    980.948    273.373     3658
    3911 1000.000   3.911    698   1019.953    255.689     3904
    3628 1000.000   3.628    659   1007.851    275.634     3562
    3692 1000.000   3.692    742    957.674    270.856     3609
    3501 1000.000   3.501    677   1000.134    285.633     3367
    3479 1000.000   3.479    686    988.440    287.439     3473
    3742 1000.000   3.742    706    958.128    267.237     3742
    4003 1000.000   4.003    687   1031.248    249.813     3927
    3797 1000.000   3.797    712    967.000    263.366     3561
    3618 1000.000   3.618    687   1004.934    276.396     3605
    3929 1000.000   3.929    724    987.151    254.518     3927
    3581 1000.000   3.581    687    995.704    279.252     3560
    3959 1000.000   3.959    707   1011.600    252.589     3938
    3294 1000.000   3.294    693    971.944    303.582     3259
    3964 1000.000   3.964    664    984.678    252.270     3964
    3550 1000.000   3.550    727    951.884    281.690     3526
    3432 1000.000   3.432    706   1014.667    291.375     3376
    3936 1000.000   3.936    686   1021.551    254.065     3775
    4005 1000.000   4.005    686    983.539    249.688     3759
    3613 1000.000   3.613    707   1014.217    276.778     3539
    3777 1000.000   3.777    705    984.863    264.760     3732
    4015 1000.000   4.015    693   1029.160    249.066     3998
    3729 1000.000   3.729    676   1014.558    268.168     3724
    4366 1000.000   4.366    690    998.405    229.043     4366
    3947 1000.000   3.947    697    998.283    253.357     3942
    4039 1000.000   4.039    682   1010.537    247.586     4032
    4015 1000.000   4.015    660   1044.407    249.066     4003
    3405 1000.000   3.405    667    994.017    293.686     3405
    3687 1000.000   3.687    679   1007.640    271.223     3687
    3672 1000.000   3.672    689    991.892    272.331     3657
    4028 1000.000   4.028    685   1062.365    248.262     3879
    3718 1000.000   3.718    707    968.732    268.962     3484
    3889 1000.000   3.889    691    990.311    257.136     3791
    3826 1000.000   3.826    715    975.098    261.370     3784
    3558 1000.000   3.558    695    982.289    281.057     3558
    4060 1000.000   4.060    665   1020.265    246.305     4060
    3551 1000.000   3.551    686    994.096    281.611     3530
    4344 1000.000   4.344    664   1034.512    230.203     4344
    3370 1000.000   3.370    689    973.468    296.736     3370
    4438 1000.000   4.438    679   1022.489    225.327     4426
    4098 1000.000   4.098    676   1036.098    244.021     4093
    3403 1000.000   3.403    737    931.883    293.858     3375
    4026 1000.000   4.026    702    985.494    248.385     4026
    3710 1000.000   3.710    680    998.624    269.542     3710
    3563 1000.000   3.563    693    976.081    280.662     3547
    3494 1000.000   3.494    679    987.307    286.205     3449
    3740 1000.000   3.740    686    980.313    267.380     3726
    4037 1000.000   4.037    704    991.393    247.709     4011
    4265 1000.000   4.265    702    997.961    234.467     4002
    4002 1000.000   4.002    692   1028.377    249.875     3794
    4093 1000.000   4.093    666   1060.665    244.320     4074
    3998 1000.000   3.998    644   1048.643    250.125     3998
    3836 1000.000   3.836    732    931.339    260.688     3836
    3890 1000.000   3.890    663   1037.956    257.069     3869
    3873 1000.000   3.873    697    948.601    258.198     3641
    3458 1000.000   3.458    728    981.780    289.184     3458
    3747 1000.000   3.747    700   1025.219    266.880     3747
    3924 1000.000   3.924    665    983.421    254.842     3909
    4076 1000.000   4.076    660   1025.599    245.339     4076
    3717 1000.000   3.717    719    981.790    269.034     3708
    3686 1000.000   3.686    725    976.038    271.297     3686
    3734 1000.000   3.734    686    988.568    267.809     3683
    3891 1000.000   3.891    705    995.019    257.003     3883
    4382 1000.000   4.382    677   1046.780    228.206     4250
    3406 1000.000   3.406    731    964.685    293.600     3406
    4035 1000.000   4.035    715    955.834    247.831     4013
    3921 1000.000   3.921    691    976.384    255.037     3921
    3814 1000.000   3.814    701    980.079    262.192     3666
    4117 1000.000   4.117    684   1043.918    242.895     4117
    3906 1000.000   3.906    694    977.517    256.016     3830
    3794 1000.000   3.794    698    979.842    263.574     3778
    3362 1000.000   3.362    730    961.119    297.442     3353
    3795 1000.000   3.795    693    998.839    263.505     3795
    4304 1000.000   4.304    718    999.373    232.342     4277
    4560 1000.000   4.560    660   1052.390    219.298     4072
    4044 1000.000   4.044    699   1054.635    247.280     4044
    3822 1000.000   3.822    682   1034.749    261.643     3805
    3929 1000.000   3.929    716    988.448    254.518     3868
    4010 1000.000   4.010    645   1029.782    249.377     3982
neighbors       equal           one              1000  1000000 0.000000    5   10  0.00    5  12945
    4291 1000.000   4.291    694    971.180    233.046     4264
    4403 1000.000   4.403    690    994.858    227.118     4333
    4589 1000.000   4.589    664   1042.892    217.912     4588
    4134 1000.000   4.134    714    965.596    241.896     4090
    3944 1000.000   3.944    702    965.165    253.550     3944
    4791 1000.000   4.791    735   1022.753    208.725     4786
    3937 1000.000   3.937    727    935.432    254.001     3933
    4279 1000.000   4.279    692   1014.271    233.699     4276
    4282 1000.000   4.282    674    995.676    233.536     4264
    4589 1000.000   4.589    695   1000.336    217.912     4524
    3842 1000.000   3.842    732    969.899    260.281     3838
    5861 1000.000   5.861    665   1034.980    170.619     5599
    4230 1000.000   4.230    699    968.629    236.407     4229
    4222 1000.000   4.222    701    996.858    236.855     4220
    4503 1000.000   4.503    701   1044.628    222.074     4481
    4631 1000.000   4.631    658   1046.583    215.936     4525
    4649 1000.000   4.649    656   1026.258    215.100     4618
    4619 1000.000   4.619    654   1056.025    216.497     4593
    4178 1000.000   4.178    671   1051.780    239.349     4121
    4754 1000.000   4.754    680    992.109    210.349     4754
    4145 1000.000   4.145    702    988.091    241.255     4100
    4546 1000.000   4.546    692   1016.162    219.974     4542
    5419 1000.000   5.419    689   1055.068    184.536     5362
    3928 1000.000   3.928    675    990.121    254.582     3921
    4465 1000.000   4.465    714    982.967    223.964     4462
    4387 1000.000   4.387    710    991.653    227.946     4370
    4217 1000.000   4.217    692    994.480    237.135     4205
    4106 1000.000   4.106    688    982.879    243.546     4104
    4042 1000.000   4.042    683    980.609    247.402     4035
    3916 1000.000   3.916    690    991.115    255.363     3906
    4581 1000.000   4.581    644   1048.954    218.293     4547
    4200 1000.000   4.200    696    993.254    238.095     4175
    4026 1000.000   4.026    679   1021.504    248.385     3988
    4355 1000.000   4.355    675   1041.763    229.621     4347
    3955 1000.000   3.955    688    982.049    252.845     3898
    4725 1000.000   4.725    717    948.309    211.640     4712
    3907 1000.000   3.907    754    950.591    255.951     3904
    4758 1000.000   4.758    658   1069.579    210.172     4747
    4609 1000.000   4.609    693   1008.606    216.967     4395
    5042 1000.000   5.042    684   1028.595    198.334     5031
    4077 1000.000   4.077    706    969.709    245.278     4063
    4511 1000.000   4.511    686   1013.567    221.680     4509
    4411 1000.000   4.411    717    987.573    226.706     4360
    4069 1000.000   4.069    739    956.046    245.761     4023
    3782 1000.000   3.782    704    972.257    264.410     3782
    4694 1000.000   4.694    666   1072.727    213.038     4691
    3590 1000.000   3.590    686    953.423    278.552     3588
    4632 1000.000   4.632    660   1042.034    215.889     4629
    4474 1000.000   4.474    703    973.923    223.514     4471
    4069 1000.000   4.069    687    994.761    245.761     4065
    4494 1000.000   4.494    642   1057.414    222.519     4480
    4224 1000.000   4.224    662   1014.365    236.742     4186
    4128 1000.000   4.128    691   1000.925    242.248     4114
    4383 1000.000   4.383    708   1015.884    228.154     4379
    4693 1000.000   4.693    683   1018.751    213.083     4676
    4279 1000.000   4.279    687    998.139    233.699     4273
    4022 1000.000   4.022    700   1008.757    248.633     3951
    4957 1000.000   4.957    656   1050.826    201.735     4946
    3664 1000.000   3.664    704    969.645    272.926     3662
    3874 1000.000   3.874    721    984.106    258.131     3856
    4459 1000.000   4.459    669   1034.867    224.266     4275
    3987 1000.000   3.987    693   1001.826    250.815     3969
    3904 1000.000   3.904    728    988.059    256.148     3899
    3531 1000.000   3.531    683    988.639    283.206     3516
    4489 1000.000   4.489    707    978.229    222.767     4374
    4109 1000.000   4.109    706    964.791    243.368     4068
    4403 1000.000   4.403    735    993.003    227.118     4400
    3776 1000.000   3.776    714    956.265    264.831     3733
    4405 1000.000   4.405    705    982.634    227.015     4397
    5001 1000.000   5.001    702   1029.895    199.960     5001
    4401 1000.000   4.401    700   1004.481    227.221     4379
    5218 1000.000   5.218    686   1029.736    191.644     4456
    4068 1000.000   4.068    686    969.842    245.821     4068
    3857 1000.000   3.857    697    997.415    259.269     3766
    4274 1000.000   4.274    720    956.651    233.973     4259
    4579 1000.000   4.579    691    994.708    218.388     4565
    3730 1000.000   3.730    678    983.012    268.097     3683
    3829 1000.000   3.829    707   1011.121    261.165     3809
    3779 1000.000   3.779    705    950.210    264.620     3758
    3953 1000.000   3.953    730    944.631    252.972     3908
    4296 1000.000   4.296    704    984.462    232.775     4261
    4317 1000.000   4.317    712    962.707    231.642     4249
    4755 1000.000   4.755    682   1009.882    210.305     4720
    4250 1000.000   4.250    668   1012.327    235.294     4237
    4341 1000.000   4.341    719    957.211    230.362     4319
    4636 1000.000   4.636    689   1019.020    215.703     4544
    4292 1000.000   4.292    713    985.054    232.992     4290
    3757 1000.000   3.757    701    955.878    266.170     3747
    4174 1000.000   4.174    681   1010.049    239.578     4162
    4116 1000.000   4.116    696    986.229    242.954     4090
    4076 1000.000   4.076    748    959.260    245.339     4063
    4267 1000.000   4.267    706   1008.205    234.357     4254
    4161 1000.000   4.161    642   1034.464    240.327     4151
    3656 1000.000   3.656    711    978.992    273.523     3654
    4816 1000.000   4.816    702   1015.638    207.641     4801
    4253 1000.000   4.253    685    973.325    235.128     4171
    4238 1000.000   4.238    678   1028.091    235.960     4202
    4171 1000.000   4.171    709    997.940    239.751     4163
    4234 1000.000   4.234    726    974.857    236.183     4215
    4035 1000.000   4.035    684    994.648    247.831     4035
neighbors       equal           one              1000  1000000 0.000000    5   10  0.00   10  13045
    4788 1000.000   4.788    665   1034.032    208.855     4254
    3552 1000.000   3.552    721    974.128    281.532     3549
    3915 1000.000   3.915    741    958.848    255.428     3828
    4122 1000.000   4.122    676   1028.489    242.601     4105
    3834 1000.000   3.834    715    980.746    260.824     3828
    3740 1000.000   3.740    694   1037.719    267.380     3733
    4109 1000.000   4.109    693   1048.681    243.368     4088
    3918 1000.000   3.918    706    997.879    255.232     3713
    3592 1000.000   3.592    735    964.370    278.396     3590
    3485 1000.000   3.485    690    965.377    286.944     3468
    4287 1000.000   4.287    709    974.064    233.263     4260
    3588 1000.000   3.588    717    922.976    278.707     3569
    3611 1000.000   3.611    697    969.197    276.932     3611
    3856 1000.000   3.856    658   1044.639    259.336     3848
    3905 1000.000   3.905    710    960.108    256.082     3880
    3421 1000.000   3.421    702    985.752    292.312     3417
    3946 1000.000   3.946    693   1005.718    253.421     3828
    4072 1000.000   4.072    717    993.005    245.580     4047
    4064 1000.000   4.064    654   1066.455    246.063     4014
    3346 1000.000   3.346    689    978.870    298.864     3337
    3911 1000.000   3.911    693   1018.202    255.689     3898
    3773 1000.000   3.773    699    981.851    265.041     3752
    3624 1000.000   3.624    689    964.901    275.938     3558
    3576 1000.000   3.576    668    974.031    279.642     3566
    3863 1000.000   3.863    698    994.484    258.866     3860
    3978 1000.000   3.978    674   1006.253    251.383     3972
    3825 1000.000   3.825    684    995.808    261.438     3807
    3685 1000.000   3.685    693    975.970    271.370     3679
    3457 1000.000   3.457    728    951.703    289.268     3452
    4078 1000.000   4.078    693    990.885    245.218     4077
    3621 1000.000   3.621    668   1023.646    276.167     3614
    3716 1000.000   3.716    676    990.367    269.107     3683
    4283 1000.000   4.283    720   1009.017    233.481     4274
    3690 1000.000   3.690    714    979.684    271.003     3672
    3961 1000.000   3.961    714    980.886    252.461     3944
    3548 1000.000   3.548    701    950.387    281.849     3531
    3828 1000.000   3.828    717    965.621    261.233     3749
    4387 1000.000   4.387    668   1056.398    227.946     4344
    3842 1000.000   3.842    689    966.805    260.281     3785
    3677 1000.000   3.677    723    962.083    271.961     3657
    4354 1000.000   4.354    670   1041.032    229.674     4176
    4030 1000.000   4.030    708    996.014    248.139     3996
    3896 1000.000   3.896    702    988.993    256.674     3876
    3814 1000.000   3.814    700    982.193    262.192     3627
    4274 1000.000   4.274    675   1056.045    233.973     4256
    3833 1000.000   3.833    659    992.761    260.892     3821
    4041 1000.000   4.041    731    980.827    247.463     3994
    3548 1000.000   3.548    747    916.618    281.849     3481
    3363 1000.000   3.363    672    982.186    297.354     3350
    3697 1000.000   3.697    700    971.764    270.490     3689
    3480 1000.000   3.480    697    976.492    287.356     3478
    3704 1000.000   3.704    693   1032.941    269.978     3682
    3629 1000.000   3.629    700    981.304    275.558     3613
    4160 1000.000   4.160    703   1006.919    240.385     4103
    4031 1000.000   4.031    734    958.186    248.077     3899
    4587 1000.000   4.587    712    971.574    218.007     4476
    3788 1000.000   3.788    677   1036.409    263.992     3779
    5220 1000.000   5.220    683   1072.217    191.571     5066
    4010 1000.000   4.010    719   1015.122    249.377     3989
    4020 1000.000   4.020    725    958.821    248.756     3976
    4063 1000.000   4.063    737    950.667    246.124     4048
    3775 1000.000   3.775    700    976.645    264.901     3765
    3659 1000.000   3.659    704    991.030    273.299     3659
    3900 1000.000   3.900    676   1039.680    256.410     3876
    3847 1000.000   3.847    674   1032.198    259.943     3814
    4565 1000.000   4.565    667   1043.346    219.058     4561
    4258 1000.000   4.258    685    997.715    234.852     4182
    4020 1000.000   4.020    647   1024.226    248.756     4001
    3863 1000.000   3.863    655   1048.246    258.866     3857
    3844 1000.000   3.844    735    972.675    260.146     3833
    4047 1000.000   4.047    689   1039.291    247.097     3985
    4138 1000.000   4.138    692    991.597    241.663     3951
    3892 1000.000   3.892    668   1009.294    256.937     3885
    4155 1000.000   4.155    704   1022.071    240.674     4131
    3914 1000.000   3.914    712    977.879    255.493     3908
    3514 1000.000   3.514    735    955.931    284.576     3449
    4228 1000.000   4.228    668   1071.350    236.518     4212
    3777 1000.000   3.777    682    958.362    264.760     3712
    3715 1000.000   3.715    703    992.081    269.179     3692
    3983 1000.000   3.983    682   1033.217    251.067     3953
    3635 1000.000   3.635    638   1020.837    275.103     3541
    3820 1000.000   3.820    702   1069.347    261.780     3744
    4121 1000.000   4.121    696    979.113    242.660     4117
    4175 1000.000   4.175    669   1046.594    239.521     4174
    4125 1000.000   4.125    667   1017.687    242.424     4116
    3705 1000.000   3.705    680    995.855    269.906     3680
    4352 1000.000   4.352    716   1000.464    229.779     4350
    3819 1000.000   3.819    706    989.063    261.849     3788
    4051 1000.000   4.051    698   1039.367    246.853     4008
    3735 1000.000   3.735    685   1016.537    267.738     3714
    3711 1000.000   3.711    676   1001.485    269.469     3579
    4288 1000.000   4.288    700   1017.250    233.209     4260
    3562 1000.000   3.562    701    995.688    280.741     3558
    3613 1000.000   3.613    689    971.611    276.778     3587
    3890 1000.000   3.890    711    978.211    257.069     3874
    4301 1000.000   4.301    668   1030.786    232.504     4293
    4252 1000.000   4.252    686   1064.105    235.183     4240
    3799 1000.000   3.799    699    999.614    263.227     3709
    4216 1000.000   4.216    669   1060.419    237.192     4199
    4155 1000.000   4.155    686   1019.565    240.674     4148
neighbors       equal           one              1000  1000000 0.000000    5   10  0.10    5  13145
    4501 1000.000   4.501    691    990.190    222.173     4501
    3650 1000.000   3.650    670   1018.654    273.973     3650
    4058 1000.000   4.058    694   1013.351    246.427     4058
    4108 1000.000   4.108    689   1041.597    243.427     4102
    5265 1000.000   5.265    689   1098.522    189.934     5265
    4360 1000.000   4.360    707    997.358    229.358     4360
    4237 1000.000   4.237    654   1014.319    236.016     4228
    4096 1000.000   4.096    679   1021.398    244.141     4077
    3671 1000.000   3.671    700    994.592    272.405     3654
    4507 1000.000   4.507    688   1018.704    221.877     4181
    4365 1000.000   4.365    654    997.949    229.095     4311
    4302 1000.000   4.302    659   1010.530    232.450     4275
    4010 1000.000   4.010    693    998.422    249.377     3941
    3721 1000.000   3.721    710    946.227    268.745     3714
    4122 1000.000   4.122    664   1037.555    242.601     4090
    4995 1000.000   4.995    629   1071.511    200.200     4947
    4138 1000.000   4.138    714    956.779    241.663     4089
    4416 1000.000   4.416    679   1012.619    226.449     4416
    4059 1000.000   4.059    686    998.288    246.366     4059
    3852 1000.000   3.852    683   1003.322    259.605     3839
    4750 1000.000   4.750    667   1021.472    210.526     4597
    4099 1000.000   4.099    658   1021.426    243.962     4050
    4177 1000.000   4.177    703    992.165    239.406     4152
    4555 1000.000   4.555    687    994.543    219.539     4486
    4574 1000.000   4.574    693    984.439    218.627     4560
    4546 1000.000   4.546    678   1000.706    219.974     4517
    4373 1000.000   4.373    725    957.241    228.676     4373
    3674 1000.000   3.674    686    985.432    272.183     3657
    4541 1000.000   4.541    654   1029.262    220.216     4541
    4330 1000.000   4.330    669   1020.516    230.947     4291
    4208 1000.000   4.208    644   1005.012    237.643     4191
    4337 1000.000   4.337    695   1020.603    230.574     4337
    4129 1000.000   4.129    702    961.708    242.189     4129
    3754 1000.000   3.754    685    977.257    266.383     3735
    4302 1000.000   4.302    699   1028.040    232.450     4297
    3543 1000.000   3.543    708    959.475    282.247     3543
    5185 1000.000   5.185    650   1082.272    192.864     5170
    4472 1000.000   4.472    689   1009.809    223.614     4466
    4768 1000.000   4.768    666   1014.305    209.732     4611
    3456 1000.000   3.456    704    949.796    289.352     3451
    4813 1000.000   4.813    684   1005.850    207.771     4779
    5147 1000.000   5.147    676   1071.387    194.288     5142
    4122 1000.000   4.122    706    962.348    242.601     4094
    3839 1000.000   3.839    698    995.004    260.485     3829
    4348 1000.000   4.348    695    989.709    229.991     4348
    4579 1000.000   4.579    692    988.032    218.388     4537
    4090 1000.000   4.090    717    969.949    244.499     4090
    4174 1000.000   4.174    653   1044.970    239.578     3909
    4747 1000.000   4.747    691   1004.288    210.659     4595
    3913 1000.000   3.913    705    970.126    255.558     3913
    4228 1000.000   4.228    709    992.191    236.518     4228
    3924 1000.000   3.924    686   1000.988    254.842     3885
    4243 1000.000   4.243    731   1002.172    235.682     4236
    4484 1000.000   4.484    662   1011.730    223.015     4457
    3930 1000.000   3.930    671   1011.161    254.453     3923
    4416 1000.000   4.416    664   1018.327    226.449     4408
    4140 1000.000   4.140    691    998.196    241.546     3999
    4176 1000.000   4.176    692   1026.074    239.464     4176
    3885 1000.000   3.885    708    974.696    257.400     3885
    3871 1000.000   3.871    714    934.862    258.331     3871
    5041 1000.000   5.041    640   1038.906    198.373     5025
    3702 1000.000   3.702    690   1013.027    270.124     3696
    3617 1000.000   3.617    710    947.751    276.472     3617
    3382 1000.000   3.382    725    938.542    295.683     3373
    4503 1000.000   4.503    693   1020.072    222.074     4474
    4089 1000.000   4.089    689    991.292    244.559     4062
    4530 1000.000   4.530    699    993.522    220.751     4186
    4524 1000.000   4.524    682   1015.053    221.043     4512
    4582 1000.000   4.582    649   1020.786    218.245     4519
    4100 1000.000   4.100    680   1023.287    243.902     4100
    4420 1000.000   4.420    719    965.378    226.244     4420
    4574 1000.000   4.574    688   1002.043    218.627     4505
    4044 1000.000   4.044    698   1014.016    247.280     4012
    3708 1000.000   3.708    699    984.707    269.687     3702
    4391 1000.000   4.391    708    993.404    227.739     4391
    5480 1000.000   5.480    670   1023.792    182.482     5466
    4175 1000.000   4.175    660   1019.172    239.521     4168
    4179 1000.000   4.179    679   1000.514    239.292     4179
    4173 1000.000   4.173    689   1028.940    239.636     4173
    3993 1000.000   3.993    701    996.799    250.438     3993
    3855 1000.000   3.855    725    954.008    259.403     3789
    3836 1000.000   3.836    700    995.057    260.688     3830
    3791 1000.000   3.791    691    978.770    263.783     3767
    4600 1000.000   4.600    664   1056.725    217.391     4600
    4146 1000.000   4.146    691   1028.410    241.196     4108
    4816 1000.000   4.816    695   1065.213    207.641     4816
    3935 1000.000   3.935    683    993.465    254.130     3905
    3822 1000.000   3.822    710    965.470    261.643     3690
    4310 1000.000   4.310    692   1024.714    232.019     4310
    3899 1000.000   3.899    718    974.959    256.476     3877
    3919 1000.000   3.919    698    998.253    255.167     3913
    3994 1000.000   3.994    693   1003.865    250.376     3957
    5157 1000.000   5.157    648   1054.932    193.911     5149
    4687 1000.000   4.687    657   1087.980    213.356     4687
    4117 1000.000   4.117    681    977.672    242.895     4117
    3853 1000.000   3.853    717    971.365    259.538     3818
    3912 1000.000   3.912    688   1013.174    255.624     3912
    4008 1000.000   4.008    709    985.965    249.501     4008
    4330 1000.000   4.330    742    973.604    230.947     4330
    3998 1000.000   3.998    663   1039.205    250.125     3998
neighbors       equal           one              1000  1000000 0.000000    5   10  0.10   10  13245
    4858 1000.000   4.858    693   1002.933    205.846     4640
    4004 1000.000   4.004    697    970.670    249.750     3991
    4051 1000.000   4.051    662   1058.492    246.853     4051
    3941 1000.000   3.941    651   1062.740    253.743     3941
    4188 1000.000   4.188    666   1027.207    238.777     4078
    3627 1000.000   3.627    644   1025.879    275.710     3612
    3299 1000.000   3.299    707    968.127    303.122     3299
    3620 1000.000   3.620    686    987.430    276.243     3598
    3947 1000.000   3.947    697   1008.724    253.357     3947
    3841 1000.000   3.841    692   1017.595    260.349     3841
    3847 1000.000   3.847    687   1037.683    259.943     3823
    3565 1000.000   3.565    699    980.235    280.505     3518
    4076 1000.000   4.076    725    956.424    245.339     4070
    3770 1000.000   3.770    718    975.272    265.252     3757
    3591 1000.000   3.591    718    961.041    278.474     3591
    3864 1000.000   3.864    705    974.555    258.799     3793
    3496 1000.000   3.496    694    956.313    286.041     3479
    3862 1000.000   3.862    659   1034.057    258.933     3862
    3244 1000.000   3.244    672    992.177    308.261     3238
    3880 1000.000   3.880    671   1025.029    257.732     3745
    3196 1000.000   3.196    700    981.153    312.891     3169
    3694 1000.000   3.694    675   1016.128    270.709     3694
    3614 1000.000   3.614    689    986.959    276.702     3612
    3969 1000.000   3.969    697   1020.359    251.953     3759
    4102 1000.000   4.102    712    983.030    243.784     4102
    4089 1000.000   4.089    708   1012.001    244.559     4077
    4458 1000.000   4.458    660   1023.669    224.316     4022
    3841 1000.000   3.841    635   1031.543    260.349     3841
    3273 1000.000   3.273    707    988.580    305.530     3256
    3723 1000.000   3.723    714    972.457    268.601     3723
    4128 1000.000   4.128    705   1007.656    242.248     4128
    3937 1000.000   3.937    676   1031.174    254.001     3918
    3945 1000.000   3.945    663   1037.491    253.485     3898
    3842 1000.000   3.842    703    992.996    260.281     3805
    3914 1000.000   3.914    714    970.777    255.493     3914
    3631 1000.000   3.631    664   1052.086    275.406     3631
    3772 1000.000   3.772    697    961.332    265.111     3731
    3840 1000.000   3.840    684   1016.104    260.417     3822
    4018 1000.000   4.018    663   1028.601    248.880     3972
    4377 1000.000   4.377    668   1038.649    228.467     4344
    3650 1000.000   3.650    693   1019.817    273.973     3650
    3535 1000.000   3.535    685    978.162    282.885     3486
    3576 1000.000   3.576    680    995.154    279.642     3519
    3648 1000.000   3.648    724    991.041    274.123     3631
    4313 1000.000   4.313    664   1073.654    231.857     4170
    3521 1000.000   3.521    720    922.801    284.010     3521
    3500 1000.000   3.500    702    977.773    285.714     3414
    3613 1000.000   3.613    649    998.524    276.778     3613
    3977 1000.000   3.977    679    978.833    251.446     3977
    3399 1000.000   3.399    669   1022.596    294.204     3371
    4711 1000.000   4.711    693   1035.623    212.269     4711
    3901 1000.000   3.901    684   1006.821    256.345     3901
    3726 1000.000   3.726    701    990.430    268.384     3666
    4226 1000.000   4.226    694   1015.305    236.630     4226
    3564 1000.000   3.564    708    951.368    280.584     3541
    3809 1000.000   3.809    699   1016.358    262.536     3800
    3868 1000.000   3.868    684   1023.591    258.532     3790
    4356 1000.000   4.356    698   1020.639    229.568     4241
    3872 1000.000   3.872    669   1017.123    258.264     3865
    3448 1000.000   3.448    682   1008.739    290.023     3437
    3725 1000.000   3.725    686   1007.248    268.456     3644
    3940 1000.000   3.940    714    976.301    253.807     3918
    3688 1000.000   3.688    672    998.528    271.150     3641
    3802 1000.000   3.802    706    988.206    263.019     3802
    3471 1000.000   3.471    713    958.385    288.101     3463
    3895 1000.000   3.895    721   1000.474    256.739     3895
    3740 1000.000   3.740    636   1016.385    267.380     3740
    3481 1000.000   3.481    673    993.028    287.274     3481
    4302 1000.000   4.302    700    994.498    232.450     4302
    4083 1000.000   4.083    692   1005.717    244.918     4054
    4302 1000.000   4.302    678   1015.387    232.450     4302
    3752 1000.000   3.752    719    997.543    266.525     3752
    3696 1000.000   3.696    669   1014.783    270.563     3696
    4140 1000.000   4.140    721   1009.877    241.546     3928
    3922 1000.000   3.922    673   1022.778    254.972     3922
    3996 1000.000   3.996    698   1049.972    250.250     3970
    3606 1000.000   3.606    690    990.027    277.316     3606
    3663 1000.000   3.663    679    978.681    273.000     3646
    3993 1000.000   3.993    670   1015.569    250.438     3960
    4273 1000.000   4.273    705   1007.928    234.028     4029
    4103 1000.000   4.103    695   1009.966    243.724     3971
    3833 1000.000   3.833    645   1025.180    260.892     3833
    3650 1000.000   3.650    649   1027.924    273.973     3620
    3798 1000.000   3.798    688   1064.101    263.296     3759
    3985 1000.000   3.985    665    978.617    250.941     3985
    3595 1000.000   3.595    682    994.365    278.164     3595
    3681 1000.000   3.681    669   1030.214    271.665     3681
    3717 1000.000   3.717    717    931.332    269.034     3717
    3711 1000.000   3.711    701    957.617    269.469     3700
    3286 1000.000   3.286    731    964.159    304.321     3286
    4480 1000.000   4.480    674   1019.637    223.214     4435
    4115 1000.000   4.115    671   1015.984    243.013     4115
    3975 1000.000   3.975    680    967.509    251.572     3975
    3608 1000.000   3.608    668    984.935    277.162     3608
    3836 1000.000   3.836    675   1042.401    260.688     3836
    3672 1000.000   3.672    681    984.142    272.331     3579
    3815 1000.000   3.815    716    956.458    262.123     3794
    4286 1000.000   4.286    669   1008.312    233.318     4277
    3950 1000.000   3.950    638   1035.855    253.165     3950
    3660 1000.000   3.660    686   1034.743    273.224     3660
neighbors       equal           one              1000  1000000 0.000000    5   10  0.25    5  13345
    3942 1000.000   3.942    679   1012.045    253.678     3936
    4209 1000.000   4.209    693   1008.781    237.586     4209
    4066 1000.000   4.066    715    963.569    245.942     3988
    4386 1000.000   4.386    715    955.090    227.998     4282
    4248 1000.000   4.248    707    991.358    235.405     4241
    4388 1000.000   4.388    691   1014.937    227.894     4351
    4124 1000.000   4.124    701    993.418    242.483     4098
    3963 1000.000   3.963    667   1008.488    252.334     3946
    3886 1000.000   3.886    700    978.141    257.334     3874
    3550 1000.000   3.550    714    975.365    281.690     3550
    3891 1000.000   3.891    709    976.828    257.003     3886
    4360 1000.000   4.360    708    987.249    229.358     4354
    4094 1000.000   4.094    741    949.829    244.260     3988
    4287 1000.000   4.287    703    991.034    233.263     4280
    4283 1000.000   4.283    683   1008.196    233.481     4283
    3903 1000.000   3.903    680   1004.541    256.213     3903
    3727 1000.000   3.727    716    960.458    268.312     3727
    4000 1000.000   4.000    653   1042.148    250.000     4000
    4179 1000.000   4.179    686    991.758    239.292     4133
    4572 1000.000   4.572    679   1014.993    218.723     4572
    4381 1000.000   4.381    640   1069.549    228.258     4370
    3846 1000.000   3.846    705    961.584    260.010     3846
    3951 1000.000   3.951    703    977.974    253.100     3951
    3770 1000.000   3.770    717    960.321    265.252     3751
    4582 1000.000   4.582    668   1060.710    218.245     4582
    3973 1000.000   3.973    684   1022.347    251.699     3944
    4095 1000.000   4.095    713    979.382    244.200     4052
    4331 1000.000   4.331    674   1041.547    230.894     4298
    4108 1000.000   4.108    718    977.912    243.427     4099
    4071 1000.000   4.071    682   1020.341    245.640     4057
    4555 1000.000   4.555    704    993.205    219.539     3932
    5128 1000.000   5.128    660   1013.696    195.008     4822
    4241 1000.000   4.241    663   1025.181    235.793     4232
    3672 1000.000   3.672    659   1010.934    272.331     3672
    4123 1000.000   4.123    726    947.442    242.542     4123
    4126 1000.000   4.126    664    986.175    242.365     4010
    4031 1000.000   4.031    697    994.895    248.077     4023
    3866 1000.000   3.866    681   1030.985    258.665     3839
    4733 1000.000   4.733    712    997.656    211.282     4597
    3927 1000.000   3.927    651    987.883    254.647     3902
    3666 1000.000   3.666    718    941.246    272.777     3666
    3828 1000.000   3.828    700    966.785    261.233     3828
    4134 1000.000   4.134    693    993.832    241.896     4134
    3969 1000.000   3.969    700    981.081    251.953     3921
    4852 1000.000   4.852    693    996.041    206.101     4748
    4579 1000.000   4.579    692    986.341    218.388     4502
    4677 1000.000   4.677    696   1003.885    213.812     4677
    4376 1000.000   4.376    702   1006.980    228.519     4087
    3993 1000.000   3.993    682    998.692    250.438     3993
    4136 1000.000   4.136    668    999.687    241.779     4112
    4569 1000.000   4.569    684   1008.237    218.866     4386
    4227 1000.000   4.227    727    959.837    236.574     4227
    4843 1000.000   4.843    686    998.507    206.484     4746
    4618 1000.000   4.618    684   1029.338    216.544     4597
    4777 1000.000   4.777    678   1026.239    209.336     4758
    4502 1000.000   4.502    681   1009.111    222.124     4487
    4525 1000.000   4.525    667   1005.787    220.994     4525
    4228 1000.000   4.228    683   1018.427    236.518     4165
    4302 1000.000   4.302    702    999.242    232.450     4293
    4424 1000.000   4.424    697    994.839    226.040     4424
    4605 1000.000   4.605    668   1064.831    217.155     4605
    4027 1000.000   4.027    664    997.959    248.324     4027
    4214 1000.000   4.214    686    996.164    237.304     4181
    4611 1000.000   4.611    692   1056.368    216.873     4611
    5088 1000.000   5.088    677   1027.738    196.541     5088
    4937 1000.000   4.937    678   1035.062    202.552     4262
    4558 1000.000   4.558    645   1071.128    219.394     4552
    4139 1000.000   4.139    662   1036.449    241.604     4120
    4125 1000.000   4.125    713    993.976    242.424     4125
    4181 1000.000   4.181    703   1009.808    239.177     4166
    4057 1000.000   4.057    668   1023.771    246.488     4026
    4344 1000.000   4.344    696   1002.624    230.203     4339
    3810 1000.000   3.810    669    956.593    262.467     3704
    4878 1000.000   4.878    657   1042.357    205.002     4868
    3827 1000.000   3.827    714    957.008    261.301     3813
    4515 1000.000   4.515    695    994.062    221.484     4487
    4268 1000.000   4.268    735    951.433    234.302     4222
    4764 1000.000   4.764    688   1028.871    209.908     4764
    4644 1000.000   4.644    677   1056.900    215.332     4644
    4189 1000.000   4.189    636   1056.499    238.720     4189
    4186 1000.000   4.186    663   1019.747    238.892     4173
    3756 1000.000   3.756    678   1010.428    266.241     3744
    3971 1000.000   3.971    661   1010.939    251.826     3904
    3983 1000.000   3.983    680   1018.599    251.067     3983
    4165 1000.000   4.165    674   1007.247    240.096     4038
    3631 1000.000   3.631    673    976.358    275.406     3626
    4219 1000.000   4.219    718    977.547    237.023     4219
    4050 1000.000   4.050    651   1040.751    246.914     4050
    4398 1000.000   4.398    714    956.333    227.376     4398
    4470 1000.000   4.470    650   1058.828    223.714     4437
    4239 1000.000   4.239    685   1002.208    235.905     4231
    4276 1000.000   4.276    687    995.983    233.863     4276
    4243 1000.000   4.243    668    997.870    235.682     4216
    4161 1000.000   4.161    682    990.054    240.327     4161
    4938 1000.000   4.938    681   1029.456    202.511     4893
    4378 1000.000   4.378    688    978.293    228.415     4143
    4237 1000.000   4.237    679   1035.221    236.016     4190
    3957 1000.000   3.957    684    996.296    252.717     3957
    4263 1000.000   4.263    658   1043.837    234.577     4106
    4115 1000.000   4.115    684   1023.388    243.013     4115
neighbors       equal           one              1000  1000000 0.000000    5   10  0.25   10  13445
    3522 1000.000   3.522    668    999.120    283.930     3522
    3946 1000.000   3.946    670   1037.798    253.421     3940
    3793 1000.000   3.793    712    989.656    263.644     3788
    3642 1000.000   3.642    706    985.068    274.574     3642
    3813 1000.000   3.813    702   1025.697    262.261     3806
    3821 1000.000   3.821    702   1009.279    261.712     3612
    3844 1000.000   3.844    687   1026.041    260.146     3827
    3767 1000.000   3.767    668   1001.884    265.463     3704
    3901 1000.000   3.901    693    981.277    256.345     3847
    3757 1000.000   3.757    700    974.825    266.170     3757
    3500 1000.000   3.500    699    959.848    285.714     3488
    3645 1000.000   3.645    700    972.067    274.348     3604
    4222 1000.000   4.222    696   1003.932    236.855     3986
    3829 1000.000   3.829    698    982.739    261.165     3829
    4116 1000.000   4.116    687   1013.096    242.954     4100
    4023 1000.000   4.023    687   1036.968    248.571     4008
    3574 1000.000   3.574    706    919.174    279.799     3574
    3901 1000.000   3.901    666   1003.475    256.345     3858
    4264 1000.000   4.264    674   1050.992    234.522     4257
    3807 1000.000   3.807    711    976.535    262.674     3787
    3962 1000.000   3.962    690    998.719    252.398     3962
    4605 1000.000   4.605    644   1115.962    217.155     4481
    3676 1000.000   3.676    705   1003.175    272.035     3668
    3669 1000.000   3.669    762    948.320    272.554     3308
    3841 1000.000   3.841    673    997.983    260.349     3627
    4140 1000.000   4.140    648   1042.281    241.546     4140
    4435 1000.000   4.435    697   1037.453    225.479     4386
    3935 1000.000   3.935    698    989.160    254.130     3625
    3849 1000.000   3.849    673   1002.278    259.808     3810
    4040 1000.000   4.040    703    994.314    247.525     4040
    3711 1000.000   3.711    697   1013.454    269.469     3665
    3664 1000.000   3.664    738    960.460    272.926     3635
    3454 1000.000   3.454    695    945.081    289.519     3443
    4098 1000.000   4.098    666   1055.303    244.021     4033
    4078 1000.000   4.078    723    974.970    245.218     4028
    3573 1000.000   3.573    725    968.348    279.877     3566
    5199 1000.000   5.199    640   1114.919    192.345     4699
    3798 1000.000   3.798    685   1012.197    263.296     3798
    3976 1000.000   3.976    701   1035.055    251.509     3837
    4034 1000.000   4.034    685   1066.633    247.893     4034
    3644 1000.000   3.644    693    989.129    274.424     3607
    3479 1000.000   3.479    717    954.233    287.439     3479
    3895 1000.000   3.895    728    962.995    256.739     3767
    3889 1000.000   3.889    749    956.385    257.136     3852
    3465 1000.000   3.465    710    995.263    288.600     3465
    3651 1000.000   3.651    694    999.117    273.898     3635
    4491 1000.000   4.491    727    997.421    222.668     4193
    3718 1000.000   3.718    676    989.007    268.962     3701
    4431 1000.000   4.431    693   1060.713    225.683     4194
    3765 1000.000   3.765    711    961.578    265.604     3738
    3518 1000.000   3.518    731    951.551    284.252     3518
    3890 1000.000   3.890    705    974.819    257.069     3815
    3900 1000.000   3.900    642   1036.943    256.410     3855
    3973 1000.000   3.973    693    993.683    251.699     3967
    4039 1000.000   4.039    693    996.932    247.586     3985
    3585 1000.000   3.585    706    990.207    278.940     3585
    3919 1000.000   3.919    695   1082.029    255.167     3919
    4084 1000.000   4.084    691   1040.801    244.858     4052
    3957 1000.000   3.957    721    953.372    252.717     3901
    4169 1000.000   4.169    682   1004.630    239.866     4149
    3374 1000.000   3.374    687    978.964    296.384     3155
    3501 1000.000   3.501    681    953.659    285.633     3501
    3510 1000.000   3.510    663    982.592    284.900     3510
    3791 1000.000   3.791    724    975.736    263.783     3779
    4410 1000.000   4.410    677   1040.805    226.757     4348
    3745 1000.000   3.745    689    970.188    267.023     3745
    3675 1000.000   3.675    703    989.025    272.109     3675
    3228 1000.000   3.228    720    955.927    309.789     3207
    3863 1000.000   3.863    674    991.386    258.866     3854
    3491 1000.000   3.491    736    969.494    286.451     3470
    3634 1000.000   3.634    747    953.003    275.179     3626
    3829 1000.000   3.829    745    973.964    261.165     3829
    4233 1000.000   4.233    691    974.085    236.239     4136
    4080 1000.000   4.080    696   1014.148    245.098     3825
    3677 1000.000   3.677    685    998.705    271.961     3617
    4246 1000.000   4.246    681   1017.548    235.516     4215
    4176 1000.000   4.176    674   1010.101    239.464     4139
    3394 1000.000   3.394    708    951.895    294.638     3394
    3722 1000.000   3.722    658   1032.812    268.673     3687
    3532 1000.000   3.532    714    953.672    283.126     3501
    3969 1000.000   3.969    657   1002.108    251.953     3949
    3755 1000.000   3.755    719    972.338    266.312     3755
    3773 1000.000   3.773    665   1015.274    265.041     3578
    3779 1000.000   3.779    681    992.461    264.620     3778
    3646 1000.000   3.646    708    956.290    274.273     3644
    4172 1000.000   4.172    708    983.707    239.693     4172
    4138 1000.000   4.138    688   1029.227    241.663     4015
    3610 1000.000   3.610    700    996.778    277.008     3610
    3741 1000.000   3.741    691   1007.591    267.308     3734
    4265 1000.000   4.265    722    996.047    234.467     4234
    3572 1000.000   3.572    747    966.374    279.955     3572
    3710 1000.000   3.710    726   1000.876    269.542     3710
    3760 1000.000   3.760    705    988.998    265.957     3726
    3537 1000.000   3.537    671   1015.223    282.725     3527
    3961 1000.000   3.961    702    995.437    252.461     3718
    4213 1000.000   4.213    735    993.696    237.361     4176
    3906 1000.000   3.906    692   1011.318    256.016     3906
    3970 1000.000   3.970    699    988.654    251.889     3965
    4018 1000.000   4.018    681   1030.000    248.880     3987
    3706 1000.000   3.706    682    987.450    269.833     3692
neighbors       equal           one              1000  1000000 0.000100    5    5  0.00    5  13545
    4243 1000.000   4.243    708    975.449    235.682     4093
    3707 1000.000   3.707    712    979.458    269.760     3705
    3986 1000.000   3.986    640   1019.643    250.878     3564
    3407 1000.000   3.407    686    996.039    293.513     3394
    4005 1000.000   4.005    693    989.751    249.688     3987
    3780 1000.000   3.780    693    982.325    264.550     3757
    3786 1000.000   3.786    690    969.823    264.131     3779
    3810 1000.000   3.810    689    980.905    262.467     3653
    4165 1000.000   4.165    691    976.300    240.096     3707
    3805 1000.000   3.805    688    980.096    262.812     3752
    3704 1000.000   3.704    738    946.606    269.978     3703
    4066 1000.000   4.066    697    995.182    245.942     4051
    3668 1000.000   3.668    701    975.633    272.628     3594
    4558 1000.000   4.558    684   1000.212    219.394     4536
    3016 1000.000   3.016    751    919.596    331.565     3004
    3475 1000.000   3.475    714    934.400    287.770     3447
    3727 1000.000   3.727    766    931.592    268.312     3479
    3891 1000.000   3.891    707    961.394    257.003     3825
    3808 1000.000   3.808    746    967.675    262.605     3667
    4674 1000.000   4.674    714   1042.436    213.950     4315
    3292 1000.000   3.292    669    971.157    303.767     3290
    3780 1000.000   3.780    683    985.744    264.550     3774
    4432 1000.000   4.432    670    998.815    225.632     4394
    3759 1000.000   3.759    679    999.461    266.028     3605
    5023 1000.000   5.023    682   1023.771    199.084     4920
    3670 1000.000   3.670    676   1010.972    272.480     3413
    4296 1000.000   4.296    686   1007.980    232.775     4255
    3702 1000.000   3.702    685    987.737    270.124     3590
    3445 1000.000   3.445    740    936.828    290.276     3315
    3958 1000.000   3.958    695    970.885    252.653     3867
    3463 1000.000   3.463    690   1015.007    288.767     3276
    4929 1000.000   4.929    672   1006.503    202.881     4286
    3806 1000.000   3.806    708   1011.553    262.743     3655
    4185 1000.000   4.185    673   1005.964    238.949     4060
    4053 1000.000   4.053    742    975.964    246.731     3477
    3436 1000.000   3.436    717    990.382    291.036     3425
    3075 1000.000   3.075    697    948.398    325.203     3068
    3933 1000.000   3.933    700    995.798    254.259     3930
    3813 1000.000   3.813    687    989.074    262.261     3809
    3986 1000.000   3.986    673   1021.814    250.878     3897
    3768 1000.000   3.768    694    990.960    265.393     3567
    3900 1000.000   3.900    719    981.073    256.410     3615
    4156 1000.000   4.156    716    967.822    240.616     4113
    4427 1000.000   4.427    698   1018.047    225.887     4410
    3355 1000.000   3.355    678   1027.258    298.063     3338
    3695 1000.000   3.695    706    934.296    270.636     3694
    4027 1000.000   4.027    659   1056.256    248.324     4015
    3593 1000.000   3.593    685    997.484    278.319     3572
    3848 1000.000   3.848    670   1016.362    259.875     3772
    3356 1000.000   3.356    712    988.080    297.974     3331
    3789 1000.000   3.789    689    997.129    263.922     3711
    4303 1000.000   4.303    698   1019.719    232.396     4243
    3512 1000.000   3.512    673   1014.587    284.738     3509
    3351 1000.000   3.351    671    988.686    298.418     3349
    3219 1000.000   3.219    722    973.972    310.655     3217
    3805 1000.000   3.805    699    982.661    262.812     3803
    3615 1000.000   3.615    708   1021.773    276.625     3478
    3501 1000.000   3.501    690   1024.045    285.633     3270
    4136 1000.000   4.136    691    970.383    241.779     4133
    3591 1000.000   3.591    712    951.540    278.474     3276
    3510 1000.000   3.510    696   1001.278    284.900     3508
    3786 1000.000   3.786    705   1013.886    264.131     3746
    3746 1000.000   3.746    718    971.967    266.951     3723
