invite          equal           one                20     2000 0.010000    5    5  0.10    5  16145
     202  100.000   2.020     52    103.272      9.901      102
     228  100.000   2.280     53    110.625      8.772      228
     156  100.000   1.560     64    113.710     12.821      156
     267  100.000   2.670     73     89.440      7.491      151
     411  100.000   4.110     69     94.023      4.866      123
     148  100.000   1.480     77     85.545     13.514      148
     235  100.000   2.350     69     79.021      8.511      207
     247  100.000   2.470     76     82.349      8.097      247
     205  100.000   2.050     71     79.339      9.756      188
     443  100.000   4.430     73     70.589      4.515      115
     358  100.000   3.580     96     75.112      5.587      148
     195  100.000   1.950     75     68.639     10.256      151
     214  100.000   2.140     80     94.597      9.346      214
     669  100.000   6.690     36    103.167      2.990      195
     205  100.000   2.050     72     83.168      9.756      201
     269  100.000   2.690     90     76.609      7.435      103
     515  100.000   5.150     71     95.920      3.883       82
     198  100.000   1.980     72    107.647     10.101      151
     261  100.000   2.610     80     74.060      7.663       94
     454  100.000   4.540     75     69.432      4.405      129
     237  100.000   2.370     70     87.310      8.439      112
     196  100.000   1.960     42    101.374     10.204      109
     195  100.000   1.950     72     78.764     10.256      121
     181  100.000   1.810     60    133.927     11.050      181
     225  100.000   2.250     70    111.267      8.889      205
     472  100.000   4.720     53    113.543      4.237      101
     820  100.000   8.200     90     64.753      2.439       48
     529  100.000   5.290     53    105.442      3.781      179
     597  100.000   5.970     70     72.144      3.350      126
     222  100.000   2.220     46     91.534      9.009      120
     152  100.000   1.520     64    107.308     13.158      123
     157  100.000   1.570     61    120.545     12.739      144
     214  100.000   2.140     62     84.385      9.346      179
     183  100.000   1.830     58     96.043     10.929      157
     186  100.000   1.860     60     85.115     10.753      176
     260  100.000   2.600     54    119.534      7.692      150
     251  100.000   2.510     66     92.358      7.968      174
     180  100.000   1.800     87     73.543     11.111      140
     186  100.000   1.860     71    104.203     10.753      177
     222  100.000   2.220     76     81.985      9.009      137
     620  100.000   6.200     34    121.043      3.226      145
     343  100.000   3.430     46    101.954      5.831      160
     213  100.000   2.130     51     92.939      9.390      213
     246  100.000   2.460     60    100.257      8.130      160
     238  100.000   2.380     96     73.043      8.403       99
     246  100.000   2.460     60    101.962      8.130       99
     147  100.000   1.470     75     86.166     13.605      147
     225  100.000   2.250     72     91.130      8.889      200
     328  100.000   3.280     48    116.265      6.098      142
     514  100.000   5.140    102     82.154      3.891      121
     351  100.000   3.510    102     69.989      5.698      107
     169  100.000   1.690     65     82.924     11.834      140
     162  100.000   1.620     77     89.405     12.346      162
     386  100.000   3.860     71     78.937      5.181      140
     247  100.000   2.470     36    120.291      8.097      124
     263  100.000   2.630     90     62.828      7.605      159
     177  100.000   1.770     51    101.451     11.299      156
     157  100.000   1.570     76     82.347     12.739      145
     214  100.000   2.140     66     93.391      9.346      125
     225  100.000   2.250     98     79.093      8.889      154
     310  100.000   3.100     76     72.485      6.452      231
     232  100.000   2.320     85     87.261      8.621      149
     333  100.000   3.330     83    102.008      6.006       91
     179  100.000   1.790     82     78.051     11.173      179
     210  100.000   2.100     88     98.336      9.524       95
     182  100.000   1.820     53     80.330     10.989      124
     183  100.000   1.830     66     85.931     10.929      139
     204  100.000   2.040     72     88.217      9.804      204
     201  100.000   2.010     79     73.237      9.950      183
     179  100.000   1.790     65     83.356     11.173      141
     370  100.000   3.700     71     78.951      5.405       76
     264  100.000   2.640     69     80.953      7.576      163
     272  100.000   2.720     65     88.194      7.353      158
     204  100.000   2.040     74     98.959      9.804      147
     395  100.000   3.950     70     90.130      5.063      153
     250  100.000   2.500     73     84.972      8.000      135
     199  100.000   1.990     62     65.013     10.050      132
     341  100.000   3.410     74    122.825      5.865       96
     301  100.000   3.010     41    129.603      6.645      155
     899  100.000   8.990     49    103.668      2.225       89
     205  100.000   2.050     36    131.011      9.756      183
     175  100.000   1.750     70     77.815     11.429      104
     209  100.000   2.090     90     86.059      9.569      209
     765  100.000   7.650     80     72.461      2.614      110
     148  100.000   1.480     70    103.813     13.514      128
     206  100.000   2.060     56     75.942      9.709      112
     180  100.000   1.800     69     91.615     11.111      162
     209  100.000   2.090     68     96.950      9.569      137
     325  100.000   3.250     48    102.435      6.154      111
     164  100.000   1.640     64    101.471     12.195      162
     206  100.000   2.060     59     96.104      9.709      206
     265  100.000   2.650     36    117.821      7.547      213
     297  100.000   2.970     62     90.464      6.734      123
     328  100.000   3.280     70     80.577      6.098      114
 1036020  100.000 10360.200     42    128.646      0.002       73